46703
48834
47177
47127
47985
47467
45375
48078
47561
48909
48683
49025
48849
45947
47281
48556
45284
48862
48851
47142
46381
49181
46844
46667
45738
47928
46575
48264
46048
46196
45870
48248
49317
46581
48853
46561
49016
47052
46299
47730
45619
49137
45800
45669
44823
46628
46464
48559
48577
46313
45571
46777
45821
45258
45875
48429
48492
47045
47517
46799
46491
48479
45380
46157
46144
41544
46188
48540
46191
46285
46944
48528
45593
47634
47496
47564
45936
48122
48127
45444
47370
47623
47626
47236
47362
45519
46601
46206
46886
45981
46059
46962
47649
48386
48416
48463
47521
49010
48652
46013
47153
49020
45265
48173
46870
45806
47285
45275
47010
46246
45786
47547
46108
45643
46450
49341
47232
46660
48871
47573
47927
46126
46408
49153
45830
48141
46423
46020
46233
46817
46040
48839
48814
47169
47447
47297
47659
45257
46235
46065
47933
48357
45605
48082
45646
48743
48014
46397
48860
46176
48767
44930
47106
45653
45876
49086
45665
46161
45578
47227
45099
48130
46178
45197
48913
49082
48995
45365
46578
45975
47310
46815
47130
46884
48344
48650
46200
45744
46595
45968
46808
48696
47747
48392
48266
46217
45847
47962
49092
47523
45180
47039
47504
49202
47609
46596
47596
46471
48745
48771
49116
46194
48996
46852
48388
47025
47258
48694
48875
48722
46192
46522
47085
46332
46732
49064
45920
46789
46041
47953
45417
48288
46348
44820
48282
47567
48682
47174
47273
46311
46479
47302
45673
45954
45156
45816
47101
47208
45182
46223
47630
47526
45416
45353
46467
47312
45933
48705
47387
46669
48409
46033
48207
46800
46139
45691
46771
46582
47592
48858
48662
44756
46784
47102
46203
46573
46400
47094
46043
49218
49246
47477
49185
46482
48613
47093
47579
47612
45838
48226
46942
49142
47981
47994
45000
48902
48452
41078
47628
48174
48027
48299
47002
45624
48217
48284
45907
47582
47735
45862
48405
48042
47607
48768
49013
47761
45977
45644
47936
48845
47155
46754
45815
48997
49191
45388
46952
45755
46579
44748
45621
47161
46220
47225
47017
47593
47857
48712
45440
47925
46659
46779
41081
46701
47107
47636
48178
48617
49090
46767
48899
47993
49093
46930
47016
47386
47786
47719
45892
48744
48041
49245
48533
47414
45820
46958
48196
47099
45613
47760
46781
45909
45894
44825
48337
45181
46769
45188
47867
45423
45851
48370
48450
45287
45791
48021
45142
48259
46735
46436
46895
45439
46883
45966
46193
48661
46855
48411
45245
45696
49069
47701
47163
46207
47186
48620
49031
48418
48635
47563
46291
46023
44854
48002
47721
46083
49077
47559
49028
46259
46765
44822
46209
45963
49149
46186
48101
48400
48952
45837
46869
46657
48006
47181
48984
48733
45123
46195
45285
47152
48137
47326
47840
48025
47166
47555
49146
45535
47759
46323
45251
47156
48797
48032
45184
46490
48495
46834
46868
48317
49130
46759
45812
48230
47234
46849
47255
48407
47941
48601
45774
48358
47015
45528
45338
48908
48627
48254
46461
48848
46655
47958
45105
48125
46730
46529
47757
48725
45682
45698
48790
46129
47946
49022
47516
47228
47091
48197
47853
45240
45984
46938
45697
47262
48513
47952
46001
46140
45461
46358
45943
45959
48214
45882
49206
45382
48901
46219
45737
47676
48780
46833
47339
47900
47116
47096
47329
47670
48176
48889
45363
47954
49132
47267
47428
47389
45647
48377
47686
45100
46708
45987
46768
45426
49073
47053
48980
46124
45664
48504
46982
45623
47583
47940
45196
46424
48578
47976
45794
46498
47779
46622
45789
46954
49100
46455
45982
47433
46668
45336
45681
47744
45751
45401
48100
46446
46026
47642
47426
46255
47675
49155
46317
45635
46099
46237
45387
46201
47871
46483
48872
48714
46177
48687
46738
47972
48209
47293
48419
46485
46831
46559
46828
48204
46105
48143
47613
46421
48313
45884
47821
49078
45785
47330
46959
45904
46992
47554
47470
47942
45928
46056
48098
46456
45941
47848
46051
46829
48677
46819
48628
48616
48165
46894
49173
45381
46605
48011
47873
45270
48502
48778
46957
46926
46034
46438
49026
47665
45246
47847
46012
47865
47219
47616
47560
47862
45202
48387
46459
46520
47086
45986
46961
48349
46151
48693
48166
46017
46304
45704
48216
46133
46094
49220
46476
49112
47568
49083
48008
48195
47515
46890
48020
47365
46225
47120
47292
48363
46254
46984
49160
48887
47959
45879
48753
48782
48975
46506
45995
48075
48622
47734
45128
47577
45967
48058
46873
46316
45411
47951
