49038
45762
48513
49033
46065
46622
41083
47267
47235
49116
46833
47973
44766
46473
45383
47623
45682
49250
46485
45403
47292
45867
45884
45300
47108
46020
49182
40951
45338
48407
45512
48780
45266
45659
45196
47245
45253
48102
38935
48411
48429
45660
46793
45206
48491
46477
46880
45618
46127
49194
48689
46577
48298
47388
47052
48288
45466
46198
45347
41370
46056
46640
47622
45851
48559
39632
47056
47016
46076
46831
45743
47102
46616
49169
48004
45470
41081
47563
48080
46252
41452
45786
47233
45857
45422
46873
45785
47232
46441
47531
46073
45275
48851
45613
47574
46421
48263
47521
47944
45456
46346
46808
45794
46662
46217
48612
46442
47130
48381
48242
46720
46203
47871
46540
47091
44851
41510
45007
45663
46381
45735
45691
48377
46408
46476
45570
47567
47045
45850
47449
45000
46491
46789
47129
47440
49160
47741
45964
47227
48677
48753
45667
48035
48906
45527
46659
48408
45336
46313
45356
48418
46490
49189
38165
45707
45329
45960
45192
40402
38367
48380
47047
47187
46885
41195
48740
39447
45390
46852
48037
46480
46805
41086
47089
48788
48006
48775
48025
46207
45164
45606
46660
47744
46186
45159
45439
47955
45620
47936
47517
45168
45181
45724
47300
46585
47901
45791
47193
47732
48722
46200
47146
48284
48984
49082
44825
46124
45463
48209
45161
45971
45132
46436
48746
48029
40536
47134
48873
45348
46538
47738
46521
41004
47470
47959
45222
46825
46323
48363
46317
45919
46505
46962
46437
46471
46054
48079
48479
45375
48766
45462
46966
45359
45593
48623
47632
39028
45876
46647
46145
46131
46525
45970
40764
48216
46535
46334
46884
48496
45789
47117
45882
41017
46467
48428
46229
46871
46061
45235
46417
48975
49206
45189
48427
47730
46466
46894
48244
45702
48416
48116
46128
44793
46668
47496
45523
49117
49210
45361
48439
46704
47978
48615
48299
46144
47615
48047
48530
48005
45698
46013
47166
47857
45690
47428
48196
45285
46957
46209
49131
46199
47296
48174
46603
46765
45974
39729
47884
45081
47642
48282
46536
48690
45604
45197
46211
46737
46582
45781
46401
46569
45350
47856
45341
49092
46192
48782
45457
45343
47976
47867
45501
48635
45609
40223
46941
45868
46528
45873
48159
45213
49078
45705
47979
48129
48226
48100
47203
46596
45668
47616
45326
48463
46567
45650
49135
45843
45543
48659
44823
46783
46214
45810
45247
45632
46889
46463
44819
46829
47515
45267
47929
45584
48386
47290
44929
48502
47333
48528
45067
48011
46949
46727
47092
47711
47728
45318
48167
45505
40773
40989
48721
46648
49155
47484
48533
49142
47584
48743
47724
48256
48712
47534
45169
48839
46420
48204
45249
48337
46196
45480
46001
46617
46820
45580
46835
49089
45626
45745
48969
46520
39793
46877
48540
45572
46108
45589
47503
47570
47809
49030
45852
48207
45230
45569
45666
47174
48771
48682
46130
45673
47952
48247
46539
46479
48231
45642
45790
48197
45412
46092
45223
39286
48814
45746
45879
45933
48173
45315
48141
45907
46259
47560
47658
47928
49134
46850
47072
45774
47096
40292
46014
46343
46971
47262
48255
45677
45573
39012
46653
46948
46455
45382
45554
45312
45353
47846
47420
45293
40231
46422
46029
46459
48744
45749
45633
49068
45940
45737
41079
41182
45669
48594
47207
47291
48233
44991
46992
44892
46340
47069
46153
46669
46201
40774
48733
48208
45871
46431
48051
45380
49035
46819
47326
46429
39370
48611
45941
39011
47660
47607
45653
45314
46806
45846
48224
47266
45803
45376
47133
46255
45739
46876
45840
45437
47514
48313
45833
47086
45205
41426
45853
46264
46397
47971
46560
45246
45173
48036
45400
47408
48724
45464
49023
45184
46152
46433
45913
47757
40643
48251
48902
46563
49064
45203
45892
45645
48628
48014
46611
46040
45950
46849
46086
47620
46794
46446
49007
45836
45328
45655
48620
49025
46604
48745
46988
48287
47613
49198
46498
47523
47671
48769
46089
47633
46430
46609
46959
47975
44853
41544
48023
46655
46824
47101
44748
40502
46817
48071
46657
45504
45182
48400
44767
49350
48536
37967
45426
46942
47565
45443
46995
49062
45477
46150
45608
45797
46081
48382
47941
45674
45358
48373
45924
48495
45245
46649
45445
48529
47251
46895
45806
46032
48616
45430
47268
45308
47562
45959
45652
49220
45553
49065
48008
46161
47433
46159
39283
45444
49090
47364
47438
47927
46139
39484
48467
48098
41089
48953
48137
46527
45296
48996
49020
46225
47327
45571
45937
47005
46117
45332
46612
47468
39439
44781
45975
45699
45588
45238
46483
41003
46143
48286
37964
47306
48066
48122
48783
41223
47994
45842
49173
47666
46058
45392
46424
46172
46868
45468
46095
47423
48399
46405
45995
47225
48538
46251
46182
47202
48660
41535
46561
49462
48370
45001
48002
46126
45561
45404
47953
48253
46427
47098
47284
45461
44990
46981
39698
46900
46726
46208
48000
46832
47253
40215
47848
45684
47779
47587
47981
46673
48150
48082
45227
48349
47993
47697
40187
47168
47162
45946
46002
45630
45841
48778
45087
45302
46890
47762
47612
45388
49094
47618
47410
49093
46573
48020
46544
46738
49140
49246
45607
47039
47610
46274
46644
48784
46643
47721
47807
48230
45413
45290
45638
49016
45407
45200
45198
45676
46311
47649
48249
45977
47999
47054
41146
45425
37962
45858
45695
46855
46741
48387
48165
47151
39459
45397
49028
47940
46233
45226
47099
46120
40606
48195
47057
45615
45703
46482
47238
46906
46049
47630
47579
47010
46168
45417
49130
45210
45947
49152
45248
47314
47085
45558
47985
47742
46630
45601
45378
47339
48379
45577
47966
49027
47969
46883
45815
45130
45220
45938
47447
48010
45301
45297
45828
49203
47655
46403
45503
46462
45675
47818
47530
49133
40715
41450
46438
46721
40540
45861
48848
49341
47256
48462
46954
46205
48519
45963
48705
48696
48566
45622
47324
40200
46019
45955
49448
49190
39677
46590
45497
47903
46316
44987
47645
49100
41149
46063
48662
47285
48892
46487
46993
46529
48587
46210
45331
46464
47544
48855
45364
49218
47252
46798
45680
45199
46767
49041
45845
45661
45916
47320
47879
47556
46828
45172
39450
40454
47185
45440
45474
45788
49309
48144
45849
46858
46016
45875
48266
47506
46376
39434
48215
45805
46103
48901
46293
48905
45962
45981
48897
46694
48854
45787
48344
48834
45635
48694
45420
47025
49125
37970
45221
45968
46939
45194
45416
41044
49077
45717
46869
39157
40504
48794
46762
45261
48124
45123
46909
48176
48768
47729
48876
46478
45284
46555
48847
46620
46425
47294
45410
45381
44962
47372
47330
49181
48033
49146
41529
46043
45162
46801
45869
39727
47181
47758
45559
45473
48899
46204
37965
46779
47183
48858
45780
48846
46916
47477
45740
49188
48222
46667
47386
45847
40765
46035
47389
45807
45693
47180
47017
45292
47370
48419
46642
41493
45715
48358
47934
47255
39771
49132
45386
47281
48148
49195
47155
48875
47592
39783
45176
45939
46461
45624
46634
46075
45909
45591
46934
47665
47321
45513
49031
45860
48736
47526
45636
46930
47362
48078
47628
48175
46822
48995
46045
46924
47701
47182
45344
45135
47387
47669
45166
47273
49063
49086
46080
48024
45944
48257
46348
41085
48629
45232
45696
47958
46972
46578
48032
39746
46039
45961
48777
46166
40213
45929
46853
48158
48177
46322
47524
38163
48040
45812
47279
46601
46814
46987
47759
49069
40486
48343
48701
47254
47153
41269
48475
46193
45396
46784
40906
48695
47426
45451
45450
46958
45260
49167
48430
46082
48621
45387
45605
46952
47569
47814
45681
47609
48248
45647
47454
48125
46717
49015
41078
49032
45578
45237
48684
46926
48887
48911
45265
46094
46749
45279
46133
45672
48517
47020
46506
45263
46863
45830
46277
46450
48913
49151
45429
48767
48271
45179
45256
45478
48622
48878
49083
46758
46733
46176
47070
45862
46799
47018
46033
47974
45984
38015
47093
48013
46736
45738
40589
46641
47933
48652
46834
47907
48577
45517
48135
46213
45757
45920
39441
45893
45776
48609
46132
49223
46595
46532
45966
41027
45816
46754
48178
45820
45755
48130
45753
37963
46579
46639
46034
46870
48314
41401
46802
45575
46134
47588
48170
46944
47634
45240
47019
38886
46116
48837
45372
46190
47471
48452
45936
45499
46500
46224
46457
46787
48450
47259
45664
46759
49279
49157
45597
48871
45180
47598
45228
45700
47956
47593
46494
47719
46857
45894
45467
46628
46922
47163
45433
47561
47659
46356
48791
46345
47452
45408
45616
46453
46728
40860
47987
48219
46554
37975
46423
48171
46173
46571
49185
45800
38992
49193
46537
48916
48900
46047
46017
46177
46044
46440
46695
41433
45625
45784
45195
45368
46188
47156
47676
39355
49149
39701
46581
46146
48250
45599
48819
46522
47507
47201
45242
48584
46418
45494
48556
48371
47582
46445
46932
46332
47625
45809
41002
47257
38972
46452
48815
46074
45448
47223
45524
47006
47161
45270
48601
48225
48862
47858
45756
45619
45848
45236
49012
46836
45156
45244
46157
45694
46064
46745
48027
45432
45792
47078
47315
45500
46804
46307
45142
45783
48166
48264
45146
45453
47293
46606
47272
45365
47513
46245
46768
46716
45744
49168
47469
46179
45257
46865
47415
45923
