25726
34093
24686
21572
28691
29202
28287
28788
20779
25041
19401
25388
23134
23242
24123
23906
26542
20126
28395
24667
22826
25908
23852
19480
27945
30908
24340
33137
32734
29137
29135
27980
20206
33560
25586
31143
25784
21836
21786
30910
30939
22217
27008
28380
25731
22112
21525
27648
23121
28489
22131
20977
31203
29217
19268
25869
29406
22748
31042
31715
28633
32881
22192
22177
31361
22645
33303
27685
26108
33123
26101
19293
19773
24261
30946
25125
27734
23301
27007
22614
21229
32172
26350
31412
29704
31823
22835
34854
21908
30057
20122
21032
22422
30708
22620
26572
22824
21085
32824
22537
28706
33530
25401
23049
24463
25644
20048
30456
26519
26222
24086
21108
30771
31694
22919
33041
27670
33323
21495
29526
25246
33112
23941
28451
19186
33013
28284
28543
23473
21896
22776
26983
21827
23623
19199
19838
31315
29416
26065
28517
25073
27540
26357
28197
32878
23009
20255
19380
24128
25211
31025
21543
26042
23085
23463
19701
25761
24983
20468
27627
21271
22462
24918
22446
27015
22360
30003
25413
24726
25923
28554
24722
28199
22521
28335
30909
24541
21206
28826
28874
20131
22783
29138
29053
24139
22857
22801
27718
31063
28437
31294
21438
28615
25045
32829
34075
27579
25020
26161
19657
26022
18859
24771
25787
27697
32138
21832
28422
31104
22150
24864
22785
27611
22261
27502
22979
24287
26409
21176
22183
28444
30998
27141
19078
28242
32275
34066
21379
19531
22425
29686
23297
30726
29216
23646
20898
25978
22437
19783
23685
23280
22917
31034
28263
32832
25621
23101
27956
24431
21980
25993
25154
21527
29496
23841
26373
27135
19716
19021
25675
19482
32481
26094
21494
22104
24582
21872
25638
24106
33315
29806
26062
23086
19579
21315
21424
24274
29249
22655
29495
29181
22838
27493
30476
28483
30779
26142
24373
30895
22968
25578
21506
24942
28313
23488
31090
29879
28679
21322
20280
25872
20094
24580
30803
28025
27407
32802
33036
24732
31624
25008
25113
22337
22376
28387
27693
21113
26000
29229
19687
19649
28129
32939
29407
19792
30739
25042
26821
24475
25334
30257
28421
22903
30060
28150
22690
24322
22841
19548
30335
27964
19288
19500
30210
22525
21273
22166
23465
32978
24956
30120
24904
32785
25158
29081
23647
24488
25921
27065
34758
24288
19711
24321
23520
22613
21207
20056
27589
19397
26480
24464
31467
25836
28274
24921
27614
25295
24236
25267
29489
31094
27800
28269
20208
20774
31329
31101
26469
28194
27101
23882
24677
27113
30730
26267
22129
27492
22677
27239
19666
23652
33301
33990
25463
22147
25186
30271
22940
25233
24428
22774
27055
32870
21628
23359
28617
26010
23969
29670
23806
25926
28718
26425
20092
25063
28044
24450
30219
30765
29110
22840
19391
26390
33524
20009
21469
26872
24493
23917
23133
27529
26380
24878
27413
22125
26302
20101
20751
23534
19220
23075
26092
29725
22895
21183
23820
29977
33189
28095
25684
29159
24100
29766
22821
23238
28556
24581
31472
22371
28338
25722
22822
28522
26246
30868
23239
33182
23868
31284
23710
24796
19015
21781
27668
31174
19630
29491
25720
29172
22378
24365
21882
28520
26807
21252
22497
26451
22176
28548
19230
24828
22939
33320
22351
28640
20970
21797
24255
24248
22418
25176
25330
32050
28631
29272
26613
30761
24388
21756
24283
25435
19342
33903
22282
30824
22937
27027
26486
28428
26127
27053
32957
28202
25300
22490
29409
29649
22874
25259
26960
26091
24735
25744
18831
33653
20156
25389
24624
28397
21487
29003
27290
19473
20478
23490
21642
27219
21139
28627
22193
27033
27281
26496
21979
24613
19137
21287
28415
26986
28394
24244
30405
27161
21870
27341
26064
29072
31283
29226
23198
32823
21666
19694
21960
23649
25065
26202
26541
22767
31551
30001
27904
19495
27527
25513
21057
24710
27748
20106
21339
26789
26566
29318
19231
23037
22520
33372
25517
21693
26083
33952
23190
24736
27012
27746
19126
32063
28552
19127
22702
22714
19534
34654
30124
22743
24569
20356
22873
20474
22572
25741
20150
20727
23664
21617
29711
33374
27883
26168
20804
27024
30817
19361
29230
27329
23489
31466
29729
23096
19522
26645
30284
19837
30989
30720
30042
20262
23116
26449
30865
19756
30714
29253
19857
24795
26020
23791
22245
26144
24960
24830
19232
27082
20353
22602
21919
25634
23909
24906
29276
25007
26503
23989
28810
32194
25328
22010
21388
33321
22942
31141
30059
19795
20263
28329
25553
19637
27764
28670
31604
33023
25595
21044
32171
32476
19532
19679
24716
32901
24602
19289
29082
27795
30728
30027
27970
20064
31333
21397
19272
20975
25572
24031
29083
33996
20242
21815
19237
27509
25510
22082
23696
31108
31496
29964
24690
22087
22593
23486
34859
27520
19336
19011
21010
22669
19823
22432
24708
30615
24751
21475
28791
29593
28841
22967
30766
27850
33986
23309
20121
28156
22322
23150
27626
20826
33969
32840
20807
28166
21179
22954
28027
21577
21955
22137
28392
32313
27040
23687
25855
19487
19114
27621
27318
24402
27847
28770
33049
30881
23203
33221
27276
29575
30046
24676
30301
21575
25060
20071
28229
22428
30264
28704
28193
29719
26438
22461
32523
20429
28873
24916
19247
26004
21294
19787
28448
21677
33076
20160
27758
22526
30959
19845
29385
28076
19894
27405
33152
24035
19772
28666
28255
31016
23235
24706
22021
25163
19107
34047
30396
28853
19085
27228
19744
24263
21841
27515
22735
21373
32942
25677
29448
24320
19368
19102
25988
32804
27415
27178
20067
33971
27895
24262
22273
23042
20311
25583
31295
31495
26100
24723
33989
21363
20990
23068
25064
21462
24610
33988
25442
30969
21430
28678
21893
33598
33322
21319
28069
22843
28071
24821
32991
22117
23721
28703
21389
20081
25313
19310
27340
23487
25055
25191
28729
22797
26561
19266
26450
22980
28777
25021
28187
21847
23252
24235
31438
28949
27713
20391
33649
31056
25392
20021
19737
28111
21306
23752
22486
29173
24460
19192
22552
19778
29393
21353
33981
19544
30095
33040
22742
21367
24499
28048
19205
27524
21463
22124
21415
27440
25180
21723
31156
27393
27712
26123
20315
33979
22197
27245
19624
24097
23968
18817
32867
26437
19820
28385
24270
25808
23149
25353
23849
20488
21299
19562
21514
21844
21675
27279
24198
31032
25305
21676
23194
27380
28431
24335
23690
27947
26551
24819
23024
19770
27536
28135
22465
27019
19916
27208
26495
28850
32984
27056
23246
21504
19712
28912
24217
21646
21763
21142
23308
27108
22842
28366
23555
24413
21394
25161
22226
31334
22438
28979
20270
28230
21088
24350
20472
23263
27225
21083
31140
21673
24703
29109
25774
20086
26376
22868
21184
19445
26603
30021
23985
22169
26281
30675
21216
29163
28267
24267
28128
26392
30734
22377
27066
28409
28252
22728
29807
25434
27808
29734
25734
24393
21936
21823
27123
28322
22355
23805
24219
30485
30313
28205
32769
20087
23481
32869
26442
27920
21545
26956
31307
22938
30722
24319
29477
29594
28089
23898
22805
21102
28749
31575
33939
19610
19505
30340
27776
25337
31178
21996
22948
22563
27323
24568
21914
24507
21660
25807
26810
22956
24890
32729
24910
21066
29484
20198
19901
22708
24331
20164
24787
30475
25069
26497
28420
19423
22941
22689
31376
30964
33135
20377
22624
33094
29223
34232
24845
22067
19841
32905
20811
22289
23723
25711
19991
25565
20033
20864
22685
26399
27525
31008
29118
28778
20149
28454
26080
31305
27300
28959
24954
30322
20154
24760
30212
25664
22400
22188
28700
29603
32342
20318
28438
19877
24054
25849
22935
33180
31181
18988
19825
28784
30719
24938
28856
33573
21265
21491
21897
21884
27060
25256
22662
19184
24718
27362
20931
30213
20271
25930
24181
28216
28488
27184
27674
28390
29261
25482
19392
31188
30401
27265
31070
26431
24285
30174
26024
19521
25960
27830
28121
23610
22923
29288
23545
26792
23069
27392
29214
22629
20025
28995
29464
28917
23228
25325
31502
30052
30872
27176
27286
23830
29457
19338
27706
28536
19796
32945
23352
32296
23013
29492
23387
22394
22268
25780
27319
20214
29325
27647
32862
32696
30916
24033
28547
27842
28612
22929
28599
28153
25857
23960
26303
21513
21237
22639
30699
29717
29165
29699
25516
22356
21744
20603
31877
28299
25663
24476
30789
29654
21422
24919
28565
26063
28084
27138
19740
28753
24668
24312
30729
29726
19359
28880
24085
22926
27708
21892
32989
28098
24113
21704
26184
22910
19447
33729
34000
29112
25317
19301
22219
21721
24284
25643
29013
23397
26208
24184
23073
23012
32848
30876
22950
25832
21380
19583
30008
23100
19112
28921
29055
29677
20903
29602
22652
27549
28075
28311
19643
31077
26238
25339
32899
29883
24862
22647
26947
24879
22722
28901
25326
22771
25682
29319
31434
33252
28928
23322
23119
29121
21746
24537
21537
26530
32251
22430
25980
23551
23643
28941
31092
21863
24155
33306
22093
27052
30058
26149
23187
26241
28163
20057
24070
33978
31127
24707
30113
24756
32333
25070
21200
24927
27242
28696
19117
19096
24037
34001
22863
29563
29661
21956
24761
19743
26310
21062
30279
19590
27337
31112
25907
24959
23704
28801
31922
22372
23279
29023
25358
24615
25365
27372
30877
28378
18885
20456
28503
19476
24922
24156
28405
21038
21344
21006
23288
24694
21485
21923
27827
24092
22564
27412
24779
32892
28816
27683
19965
19750
23902
21736
34080
26136
21757
21565
33224
25249
24306
27444
23848
27023
27941
22397
30029
29092
31270
19280
23311
20014
21566
25153
26394
20053
25147
25557
21799
31160
28571
27691
28976
23758
25850
25266
27507
19457
23665
33681
25537
20218
20306
24741
30283
27086
28079
20051
29971
26870
28264
30065
24216
32828
27859
20027
28126
20453
21584
22167
25873
20227
19703
23233
22152
23293
25287
24445
23274
20224
25618
29434
23934
24632
31066
23684
20247
25856
28741
31068
21568
25859
29205
20949
28975
22313
19415
21092
21647
28446
27498
22640
23839
20091
26018
23335
33997
22126
23629
31232
23892
32339
23552
25294
25591
28953
19914
19374
32354
22457
22158
26805
30811
19393
32993
22468
25167
31096
22128
28876
29703
20089
27436
23709
28958
22303
29623
27761
24560
27186
24597
26299
19915
21307
29000
25817
29996
29389
21444
34019
20969
24973
20257
19344
21705
23912
27521
23143
25938
30958
21616
24145
32100
21103
22271
31456
32918
29086
21821
25206
27588
22651
19308
22417
28211
20170
22969
25040
21408
24273
29174
29391
31559
27479
29858
25928
25119
24837
30945
25546
29432
22204
25986
19367
21963
25101
23722
23971
24930
25219
24591
29440
19523
22396
30977
26110
20229
24253
24563
27244
23883
27049
25950
23760
23098
29911
23127
28233
25757
27485
34689
32072
22749
29494
25987
27551
20332
27834
25879
25383
21567
19148
24903
19585
25819
23269
27476
22725
24943
20894
19182
23779
26214
23939
22143
21302
23544
24846
23713
24210
25453
25728
25072
22345
21663
25799
20361
22029
26129
19371
20923
28844
23715
26277
33162
30702
27676
27864
27382
24425
28636
23754
29893
34349
26460
31036
31130
32633
26271
25979
22534
31644
20880
24182
26493
25918
22922
19339
21659
19395
24438
20030
31370
20379
19662
31035
33053
31168
29728
26809
31219
27192
28623
28327
23628
27793
23354
27714
29476
28393
33014
23200
25848
28174
30941
31234
29203
21918
27231
20128
24654
24230
24655
30062
22115
19372
23141
25183
23789
31526
27976
18822
29281
29998
25136
25282
22763
19313
28361
25818
23213
19427
25142
21715
21992
19768
28686
21337
24899
22946
25776
28479
20010
25662
21590
27921
29251
19290
22168
23916
23286
27193
29976
22118
28781
28312
28177
23844
25448
21507
22504
27229
22920
21689
25637
29007
19765
23174
28295
20249
19859
19717
25512
24052
23699
25700
28620
30125
22634
23183
21418
22370
30887
22037
28745
21550
23178
23475
24467
22931
31271
27241
28601
28965
20161
30295
29658
28782
29997
24766
23707
22788
21539
32408
29743
32755
25217
33068
20054
20088
24496
27432
32930
32329
29232
28655
30880
19077
33096
19084
19974
31028
21005
27468
30306
29478
26938
28570
25315
32838
27681
29314
30201
25745
18965
29345
28885
25822
25896
22889
19478
22529
19256
30314
29127
26196
25175
22434
25755
20083
25245
29334
28288
30966
26158
27173
23847
25738
31642
25871
18827
32928
26038
33201
22228
25329
24647
25497
23314
19431
24154
30913
24838
32971
34002
24687
20991
29624
19188
21740
25942
19514
22464
28764
20100
25910
28758
26999
22988
28540
25221
21758
26441
22611
28743
22365
29317
24224
25357
28803
22299
25733
27105
32877
22663
24256
24876
25867
31762
24868
23904
27942
22056
20236
22402
22958
20283
25966
19719
28173
19481
30741
23036
29157
28609
19551
28665
30920
31100
30732
27439
28057
27772
27320
26297
21481
20380
30950
24666
30249
24957
24976
26467
24164
19592
33312
29069
21837
22098
29967
25520
24781
22246
30859
23672
19172
27159
28533
22949
21349
25976
25264
26367
28343
33656
27616
21270
22277
33093
25439
21414
21792
19138
24189
27355
23416
27661
24172
28042
21014
25729
34003
25798
25730
25105
27905
20152
20055
20838
23922
19285
24915
31114
19494
22512
33196
30781
25053
27484
20304
33006
23498
19046
28963
19212
23937
23866
27777
27155
22009
22684
28595
28301
19806
21499
27695
33032
27565
20012
27742
22584
30667
29294
26422
25238
22107
32163
32326
24607
22932
21865
25656
30246
27516
30292
29149
20420
25449
33103
23483
26512
28034
31716
25159
28945
27334
28236
32936
23858
22582
28073
33959
30122
25503
20007
22518
28423
26266
20886
29022
26125
25740
19594
22823
19217
27586
23107
21523
19140
32973
22207
26251
28598
22659
19824
24072
29775
31955
31303
20952
23974
27797
26341
30240
29681
31136
21917
23929
27263
24622
22138
25170
22291
21904
28625
25841
26304
32792
20948
25106
22734
31724
19417
27490
26448
23881
22211
21608
24102
20955
32917
26628
20997
19540
25552
22654
26206
28676
19921
23645
21313
24527
24280
19595
24946
21024
22392
32955
28557
30948
22295
26307
22240
24407
32348
30141
19836
20264
32949
29024
24562
19812
24714
32963
20074
26114
30935
26363
22191
24981
24134
25989
24961
24369
20890
27482
25870
21615
29311
29062
33157
25994
27937
24327
22808
34710
23677
33011
27032
33139
25338
24909
33381
19271
33949
31006
31022
25719
25464
26134
20935
28936
21178
23468
25641
19808
25804
27343
26109
19067
27357
23695
19734
19869
23501
21552
23179
20853
26964
26915
24964
27915
23196
25727
25778
19910
27738
21580
22883
28290
26329
21852
19691
22045
22250
23296
29158
29097
32241
20248
22111
20846
21829
22110
30807
30034
34612
28512
28950
25271
27227
25753
28716
24478
24887
19460
21656
24382
23921
22382
22901
21888
27062
26978
27711
26001
28639
25281
22953
30002
28715
21018
19262
29341
33940
23172
24746
22745
29198
30747
28139
23991
22585
24013
26957
19611
25706
22467
27360
28157
22410
33172
20185
21691
19418
23691
23894
19746
27504
31107
26985
21146
24355
26343
27273
25582
21983
32889
24044
21309
30695
30368
25668
28693
31493
31619
22619
31304
22123
28131
18980
22970
33140
25555
29218
19178
19278
30302
27771
25650
22450
23719
21177
28851
28077
27577
25478
22343
25394
25809
21132
21869
29666
24346
32865
30947
27783
21320
28439
19516
23129
26556
24188
30915
33160
28484
34020
27580
21199
25278
23970
27096
24250
23292
24173
26133
22212
25626
23972
19689
24518
19506
21509
19040
27639
25909
33055
33994
19484
22165
32885
24104
25138
21524
23859
28445
28642
26081
28443
21477
20944
25320
27429
22972
24829
22817
30047
25130
26535
25703
25975
19675
25579
34005
23897
21072
21348
20276
26275
29208
21282
29956
33042
25066
21340
23770
25039
25212
27067
30217
30472
23736
23822
21413
29989
25783
19604
31075
24412
25257
22408
21039
30949
32857
22016
23940
27874
23976
26555
32855
21022
28521
21967
22535
25024
19731
29089
28742
24948
26007
19599
22405
24913
29397
21559
20127
30840
23027
18875
22736
23850
21121
24034
30011
26332
33113
19550
28991
28117
24841
22132
25485
30180
24004
28660
22319
21198
24140
23114
20885
24991
29585
21686
33181
32787
23156
22538
27125
29283
23061
27862
32752
32831
20098
23959
25018
33002
19798
20784
28004
24897
23276
19568
29106
22996
28017
19432
22297
19258
32174
30867
21468
30300
22594
29813
26061
19287
26405
34263
22589
19353
20114
20385
22057
24850
27262
19873
24169
31138
29451
21587
26524
28613
22688
33169
22509
33814
28487
24421
28078
25015
27379
21530
21531
24542
24979
29222
23834
28108
25877
28140
22280
21015
29702
28525
27907
29981
25182
25409
19748
20220
25781
33973
28424
29913
27855
32921
25964
19702
25141
28600
26186
24603
33504
29382
27174
25564
21213
31191
22562
28417
30971
25528
27292
28124
26360
22398
30298
27118
31680
21472
23328
33796
22498
28225
27170
26068
25378
22612
24325
24951
23224
26207
29071
19692
26228
31462
25196
27452
20854
31535
26204
24644
19553
24211
20328
25273
27031
21661
24461
21165
24595
26439
31714
22018
34016
26263
32979
29411
25143
22085
21256
32847
30943
25794
32632
29447
26166
29558
21203
26499
33298
24202
22200
19042
28227
20486
27420
25128
26145
21731
23751
24124
21826
33073
21071
22290
30693
27495
23431
32415
29487
19570
33184
24272
30030
23938
29355
29392
31007
26452
24021
22871
21785
25044
24386
24697
28055
32029
29028
22164
21019
27268
27633
22580
29714
22053
24975
24824
29665
20771
23025
21671
28713
30827
20342
20219
28450
27224
30993
29383
28347
34027
23876
24304
20806
25830
21211
23305
22088
28007
30039
29449
20330
21383
22877
22161
23271
28898
22380
28152
18924
22680
22234
22786
25022
22962
27243
27037
23180
25903
26993
25894
32841
24456
22912
29259
22256
27121
20222
28544
25335
20099
20988
30835
24588
19436
24894
19799
29170
21622
26543
23236
22254
21802
26366
24634
22178
19215
28485
29155
23546
27710
21726
22451
24849
24513
28605
32846
26232
33958
25355
26051
30967
27144
23249
30843
28245
28913
24966
23378
22097
22086
26220
23316
21977
27457
20614
21859
24296
24317
28681
33995
20484
24546
20425
28298
24593
21123
24497
24794
19226
19891
25231
28257
28836
30772
30225
22908
24430
20254
30299
24447
29985
29698
28630
28306
25984
31106
26901
27006
34085
31084
34853
19900
22833
21059
33150
22578
24640
20110
30710
22384
23014
21070
21748
21345
22595
27574
21630
21668
24705
26031
25529
26027
23218
25947
20452
28214
19265
20830
21354
22407
29386
26428
21978
27388
20104
31165
28040
21849
34856
31367
25251
28091
20772
26087
28143
27472
20180
32288
31525
27506
23006
23931
26842
21724
23955
28323
28924
26371
19233
32983
21158
23952
31071
23202
21695
26996
27657
22225
24902
21835
28799
22342
31170
30266
26126
21484
21557
19307
29671
21290
32920
25058
26671
29562
24380
19292
28735
26011
23030
21182
21985
26404
24479
23256
28341
26481
27519
24743
28080
27480
20941
19677
24501
28455
29343
23744
24289
31062
33156
22099
29730
30633
23185
28938
27544
19360
23078
20077
28050
31046
25996
22646
26491
22008
26290
20447
22213
30823
29122
28206
27204
22886
23028
18989
23638
26099
31636
27163
25629
21699
28088
24508
23948
25998
24606
23460
31129
21593
31013
27399
24747
26626
28776
29263
28212
18978
24767
34073
24225
21185
33311
27615
19989
32825
29655
27996
23701
21772
20817
21674
25299
22395
25014
27659
27303
21547
30479
25208
30990
25107
25319
28610
19422
28808
24711
21926
22597
25511
31451
25813
23983
29270
23865
21218
27774
33057
33177
23123
23132
23702
29420
28386
33159
24873
19497
20862
26531
30343
24600
24967
26345
22330
32896
21048
19515
22581
21984
23711
24528
19635
21649
20003
31110
29354
32760
29387
22754
24992
30553
21738
21921
33777
20028
28652
19451
23223
22209
31020
21427
19483
22747
19526
25441
19094
19569
23755
28526
19496
24955
22052
22825
19398
21490
27839
25655
19466
28500
32058
21793
23000
22494
22106
24418
29749
25952
25647
25078
30763
28235
27620
30605
22276
21903
29811
21520
22293
28189
30687
27250
33176
21742
22850
30706
21890
24995
26240
28811
21140
25350
34008
22215
23087
30978
33130
33984
26476
22500
31115
33084
29631
33017
28822
26233
27189
20119
23287
25527
24237
19323
26048
22025
29051
34022
27666
22522
22007
21437
23846
29364
26982
21451
28645
24608
22670
29180
19681
24893
19149
24963
24168
22601
21791
23201
25588
28459
29930
24980
24854
30933
20825
21276
23478
27662
23869
28112
23222
29684
30215
27072
30962
19402
21425
27991
20018
27702
27419
29381
23705
19757
30260
22527
31500
28842
28813
24709
19396
31159
32842
22102
25240
21155
28279
29244
29347
29108
24974
21690
29246
21775
31522
25374
23953
29100
22844
29166
29129
31443
26461
19443
32858
29296
25604
19549
28480
31332
24740
22706
24750
19219
31076
26454
31187
22733
33652
30425
26103
30737
25390
31072
21720
24699
25230
22146
20480
19782
27232
24381
26333
23761
27510
23206
23669
21812
31927
30270
29769
24024
29945
29617
27499
21843
28619
31483
27582
22781
26112
27682
24292
24115
21542
21805
27584
31461
31133
24063
32526
30115
27132
20462
27403
23554
34685
24482
26242
26540
23666
31405
21301
20284
30829
29992
20919
25594
30009
22916
22229
19324
24337
21522
23951
19399
26205
27293
25207
24051
23493
24336
23070
24733
19721
28224
30026
19434
23845
24958
22453
21586
22266
27450
27304
24466
21332
25868
29117
24791
32168
24883
26069
22806
25342
27312
28383
19166
30403
22055
25210
22171
21541
27423
29168
24637
23988
24529
24351
21483
22406
21285
33987
28430
32834
24962
28768
25252
24612
19458
33993
22625
31622
26347
25425
32431
32967
28730
22502
21982
27672
28068
30856
27079
25820
24993
23043
24339
22798
33960
21077
23499
29324
25184
19693
26209
29049
19581
34083
22022
20759
24477
22051
26458
29400
27284
29716
27209
24965
19628
21026
26029
19840
27180
24209
33550
33106
21618
30862
26002
30925
21404
22542
21582
29336
30956
19382
28802
34706
22770
27073
27274
28348
26888
30778
21321
19474
29006
26188
31297
20108
25981
29485
27819
24822
25067
23300
22412
22409
30982
25406
30724
22296
19566
24570
24046
26180
27975
25468
28370
24724
21187
27576
24675
27596
24090
30889
23796
28349
30776
19450
32966
21910
20496
25736
26962
28785
21202
32851
28736
27353
27816
28994
28687
25681
26176
22631
22054
30960
19509
27886
19726
32944
23689
31498
32871
28062
34679
19758
26909
28641
24122
30480
20076
29104
25416
30858
24392
29515
26447
27381
22741
28720
29302
20942
27739
28336
28825
29304
28690
23774
22772
28786
21501
27463
23406
29333
23957
27169
27532
24907
21787
22237
27932
25925
18935
23925
25897
22818
30748
27928
33559
25659
29056
18934
27709
21324
25432
22959
22096
21657
21883
28669
22259
20463
20383
33513
20237
19998
20416
24784
28621
27218
25686
32295
20814
27183
22683
28830
34711
21162
22317
22787
20026
23658
28942
21696
27201
33661
20858
24566
23961
29394
21678
25793
24356
23769
21365
29436
25567
24629
28879
20159
30801
19312
26284
28119
18869
23234
28997
30267
26630
22716
23819
19296
23759
33202
24780
29034
24836
21452
24853
27283
26632
23011
29140
19446
26945
20978
27020
28097
29592
29963
27158
23980
19106
21907
19439
21104
27030
27213
23147
23215
28442
32801
21782
21729
28581
23936
27765
18846
21209
23307
21027
22278
25887
23303
28709
20813
28748
27326
27707
32694
29873
25450
28697
25710
27384
22957
25490
33062
23060
32874
31369
27688
23186
24150
28948
25560
22790
21021
20360
25815
18981
22249
27982
20487
30938
27004
24599
26111
27054
29673
29264
25481
29212
21208
27332
24222
25919
26089
30690
24840
23811
21311
31425
28466
20579
28123
21402
34286
25985
25438
27154
33972
27188
29321
19858
19225
22251
29305
25444
29146
24535
21037
25011
29101
21658
28093
27084
30043
21609
24908
30018
24049
22373
28667
19043
31727
21644
23469
23125
31321
29446
26544
30930
33187
22463
31095
32142
21989
27453
28399
25189
27475
28461
19147
27198
27098
19851
23935
34090
24483
20172
31301
29376
25882
25019
29479
22100
27039
21789
27126
24391
30731
28486
29240
22851
25717
33030
32836
25541
26278
21371
33519
21533
24231
23550
22327
30022
24259
25566
19475
22157
27100
26322
34068
28082
19660
31632
31078
26128
23500
19419
19304
20828
32835
22155
25265
28824
33168
22819
28591
20189
26384
26173
20413
27075
22724
23019
24790
21500
19919
24010
19400
27133
31706
26050
24470
28651
21448
33051
33037
33038
33061
31082
27477
31363
31282
30834
21303
21289
34649
25483
19248
19850
25467
25646
28220
27555
32934
23720
20184
21230
28572
19375
26320
23257
31079
28662
28506
29995
19593
22764
21730
22011
28350
25431
26059
29948
29238
27607
31924
21549
24768
26411
22281
22501
25488
21143
23745
32291
31274
27258
31629
23126
21915
24032
19605
22515
21927
19109
25411
31576
21901
32811
26981
27554
28452
27364
25863
24454
25399
27018
19790
22636
32799
19315
25732
22775
29664
25791
32502
20455
22006
32937
23725
20075
27986
27168
25234
25545
26406
22145
20341
24161
29701
22571
26370
33999
24929
21137
22890
27137
32987
34784
32320
30199
26992
28900
20238
24717
21163
21971
27667
19786
33078
22160
21029
26317
20802
27869
24334
27640
33025
28578
27778
25084
28717
30994
22135
27645
24390
28932
24984
26881
28523
32608
21304
21280
28575
19264
23103
27909
33382
29350
29291
24510
22686
22782
21050
24342
21403
32820
26518
24721
28241
19281
21214
28144
27917
21998
27165
24178
19668
27000
27716
29032
19499
21602
19728
25649
30410
21012
21784
27981
23747
34714
27599
25205
30957
27796
33928
21480
22354
24577
23676
27571
22644
31458
21441
31638
31314
24669
22599
27817
21364
27195
29144
21017
20281
19842
27427
