3107
38117
38439
41167
35932
43198
2543
36424
42716
37011
36972
2489
48350
37808
35753
2869
2620
42667
43704
37759
44246
42369
740
37003
42902
40878
35962
42096
44082
36651
37456
38333
2799
37041
40325
39193
43254
37835
2223
43938
42220
41679
3224
42642
40322
43982
35921
42986
37030
36554
38051
2280
40632
44795
38378
278
45211
40452
3324
42129
40991
2774
47889
38940
44270
37697
3213
42409
40710
38942
42227
42681
40687
42741
44169
41162
40487
37936
42280
42110
43563
44952
1287
35464
43951
2790
2575
44253
2311
36502
43913
2308
44256
43964
2263
39173
48346
42758
39810
44108
36880
43066
41682
42893
40413
36837
37604
42626
2227
39898
36323
2498
35939
41095
3069
41066
37143
42210
40568
37512
42673
38565
40425
44013
760
38774
35471
38192
2488
44044
42081
36839
45070
39133
42164
35213
37750
44910
48983
48384
39645
39791
39127
43939
39605
37012
38771
38092
41545
43298
40613
37725
2363
41239
38817
2681
2343
36853
38386
48401
41755
37794
36131
37477
2797
42513
36493
36015
772
36115
39627
40098
44231
35123
41850
41799
40743
39140
44188
340
2868
37629
37650
35987
42824
38324
38040
36842
40869
43645
36812
38349
40461
37860
41731
36132
38925
44868
38533
39606
2626
44163
43711
39209
737
36402
37451
39501
44586
37562
42813
42152
44218
43730
41321
41783
35946
35319
43383
3187
35959
2913
43649
35589
41263
43067
36388
42526
40872
2590
40726
37110
44403
36658
37179
2960
36284
331
38383
36738
39933
40788
42125
37824
41980
44435
40478
38757
2132
40898
40166
35517
38266
40248
42203
36354
37314
43025
2597
39481
35510
35913
38041
37900
43076
40901
37782
36203
37865
44146
40954
1472
1377
286
43923
41198
38056
39160
37272
47885
42226
36410
41842
35071
42445
36347
41937
42721
35585
2240
36225
40845
36686
44265
3150
36353
40894
35102
44192
39314
35607
36328
38624
38789
38332
39927
38335
41771
35407
3360
42036
42046
39544
37579
43024
42523
35204
38271
36139
38422
37567
43243
36431
37589
39853
44074
42176
42309
36258
43765
40351
2731
41245
43259
39637
3323
39330
43412
44306
561
285
42995
39583
39854
38965
39993
44651
38721
44906
39020
42266
42552
39224
41960
42307
44437
36433
42625
36199
36293
36177
41801
3402
36611
44926
36251
38474
35187
44494
41378
40368
39528
43227
36428
44713
40383
43737
40948
37863
2335
36083
44514
3033
35802
37812
40089
40270
42567
36977
38765
44432
42466
36671
37673
36220
42434
37221
37372
42541
37730
43630
39113
2194
36010
763
39221
37795
41784
48099
43268
43484
36269
42205
39164
40727
35730
42342
42738
2893
2916
41336
40748
671
43262
43108
36967
35561
2430
35203
41687
38526
35245
38880
39494
42996
39568
42262
44318
39167
47918
44837
1329
44889
2562
35274
40524
35239
3124
41895
41513
37922
40279
35925
43190
38400
41206
35180
37175
3215
2502
39076
40119
1305
43772
36858
43092
40299
41828
41184
2570
2680
2574
36958
2930
35070
39621
43826
2565
38366
42023
36584
37403
42496
39148
37712
41605
39259
42972
3331
37271
41335
38659
41775
37658
39129
3148
47921
40211
44347
36986
38727
37536
36854
43676
40681
35104
42777
3198
36881
37121
38220
40111
38511
2753
35142
40436
37054
41509
43468
42182
35652
38334
40657
42211
35477
41301
36740
2302
2296
36061
41957
45035
40734
2253
35082
41338
40824
35500
36962
43346
40149
38873
41248
36007
39671
37758
37689
38012
37851
38559
37053
43930
37904
38922
35440
36310
36749
38137
41578
39060
2467
42149
3207
42791
36803
36807
37365
1409
2306
35223
35566
35326
41065
47913
43740
36960
38493
36673
36760
41088
3318
39964
38389
42250
38381
36491
2511
40958
44943
36147
41721
43250
38483
36296
35393
35804
3068
37868
37614
36374
36308
38446
42155
41678
39041
35105
41736
43030
43187
182
35786
43263
39213
39912
36093
37101
37478
35116
42763
48951
2384
40714
41333
2807
39059
44145
42468
40107
42292
40332
41099
3280
35234
39271
36209
40587
3330
42115
38618
2225
38800
43375
42639
2397
44501
2429
37113
41474
35905
37260
42912
2233
36897
39306
45027
39218
1368
36468
40648
2847
44908
39171
2332
35258
37857
38867
186
42535
41995
36945
44727
42524
38252
36119
40512
42175
41851
42037
38407
42992
43272
43225
2481
40103
37652
37744
2235
38851
42603
44045
43077
37397
38858
39916
36267
39587
44985
40740
36166
3251
39974
41156
37331
3131
36496
36556
42358
724
2704
48525
43014
40531
43095
35145
35496
35897
35883
42613
41120
40780
38679
38419
42038
41947
40793
36696
3320
2221
37024
41456
45014
39881
36721
39554
44243
42066
35910
36698
44872
38791
39176
43063
2656
37364
40116
36069
42042
37576
36928
40647
44969
36161
41533
37823
41754
315
38457
35216
38196
43266
41625
39513
2294
41942
2217
41746
36098
40252
43666
38607
2880
547
35072
2460
44050
40808
36412
2820
42966
37990
36202
1301
35969
35755
42622
38217
45096
314
43576
40145
36271
44524
44488
42803
43720
38688
39503
3113
42649
44478
36256
2650
37566
44089
44998
37434
45075
37801
36719
43239
38014
37245
44039
43879
40998
42934
36063
38215
37127
197
1351
35197
2951
36653
39647
2234
42668
35376
41552
43011
2582
39887
497
44526
43817
36129
42979
44167
2478
43140
36815
41550
39816
35189
36644
42206
40304
37905
44479
38776
35100
43422
45151
42385
37432
37587
40875
42072
42906
2709
36438
37754
44618
42506
36462
39590
41770
40973
42644
42849
45149
2352
40198
39540
2495
2788
38346
36545
36379
3081
43354
42044
37108
41384
2505
38430
35196
38745
41236
43514
36247
47479
36741
41660
38595
43787
42504
44219
35844
35551
2435
42909
43988
37747
35741
35516
37897
47354
41723
38754
40738
35554
43208
38626
40076
43659
44230
37176
42308
41396
42611
3372
44414
37085
40006
39150
43512
35785
43959
35111
36059
41090
45103
37500
308
38448
38246
44056
499
2742
39119
43917
1309
187
42501
43601
35803
42015
40267
38463
39968
38728
36442
44755
44658
39732
3214
40854
36697
44875
49052
37952
40047
35396
2540
35144
37918
470
36439
37490
42751
1473
42735
39279
756
37356
38939
2691
36646
39580
42652
44937
39238
44728
40197
37676
42944
2867
48431
37699
39316
35871
39833
42747
40955
41419
38829
41735
2449
44366
37061
39018
39177
35448
2239
42882
44023
1366
40905
41699
39388
41970
43194
36913
42725
42816
36630
38365
41774
39055
341
39398
42780
37737
35190
44106
44504
37204
36342
38180
42458
38775
44493
37043
35526
43508
37302
37569
35744
44222
38805
42896
38291
48319
3322
35424
39357
35513
37924
41286
39600
44007
42842
2981
42186
36162
37226
44049
43363
40947
37529
36185
44245
38492
44364
2271
35926
42137
42532
41214
40772
36228
42429
40259
43721
43133
36795
36159
36547
39057
39649
45143
35979
41757
34925
35980
35885
40985
2344
35530
3228
48637
39024
38656
36766
40653
38594
40102
44870
41713
2989
3349
36844
36642
42932
3302
42270
37039
3051
43513
2539
38986
38100
37037
43325
36037
2775
37184
39068
39426
37776
40482
44444
44244
39950
41063
40054
36066
38585
38138
2479
748
2943
41762
38810
36277
40472
2184
45054
42283
39585
37506
38824
3340
39161
38905
41174
36144
37605
42826
2441
2958
38159
39814
36027
39275
35647
36821
37907
43611
40021
2710
40114
41113
35014
2653
41429
40310
41391
36956
38522
41760
39994
41407
37316
43222
42900
37571
42640
38338
37830
36236
3305
2750
48322
2908
43832
37882
37722
37649
38758
2242
35423
2365
41745
36919
43868
35482
38899
36784
36627
41888
2850
2623
38909
37703
35837
39403
39669
35584
39635
38820
1438
40128
37948
43634
42201
36709
40761
37463
44124
754
42968
37218
43185
40420
2338
39144
37765
2898
40621
43591
39091
37885
40733
43582
37670
39141
42102
43157
43223
38169
2510
40507
41228
42171
40550
40829
38631
2291
3301
35533
43682
44523
44026
40716
42146
42471
43502
36725
44775
2917
41351
42317
2663
36638
3240
732
550
3145
2241
44299
37323
42722
41747
1374
42263
2260
35596
43614
39433
45004
43619
38288
40558
2516
37328
38307
42047
39156
42472
39081
38663
44940
2607
44069
37235
36420
39524
37606
37033
35875
42254
38371
43151
35609
2544
39913
35583
44081
37507
2355
3128
38637
40189
38484
39125
39019
38059
1333
41154
44495
43987
38023
44161
41337
36875
39699
40418
47241
42476
37437
43010
36655
35184
44497
40664
42048
2293
41275
545
180
2828
36239
43791
44255
40095
3005
39576
44919
2577
3314
43702
41785
41443
42111
39201
39245
43450
35580
2354
2841
41908
40063
39515
41390
40908
36071
2396
2878
2614
37985
39518
40805
34926
552
40053
2827
3054
36081
39326
42352
36281
38844
43856
41316
41756
3257
41420
41936
38360
47213
35505
39693
43743
36469
40595
38602
36481
43528
3364
2757
44902
41934
35977
456
37274
39183
42138
37870
36838
725
38275
39942
37018
40552
43776
37020
43872
38260
37764
36869
2804
40378
43735
2611
40893
40591
40315
41856
41534
34864
555
42363
37050
38847
42510
43639
36387
44661
2376
43968
37923
38504
2408
35238
2366
42114
39634
39230
40342
523
38385
41414
42772
43617
44458
35509
43920
42771
3361
37927
36055
516
42376
36879
35062
42729
41282
44487
42792
40353
38079
42295
347
2318
36306
36514
39715
43605
40273
42781
2255
37597
37136
38507
41515
2803
35880
43623
2605
42100
2304
42447
39897
699
38946
39096
39923
1441
43201
36333
35096
43004
36886
3139
35861
40144
39322
38883
42202
3353
2454
35333
2909
38941
3153
34998
3336
44433
42365
40972
35604
40125
41455
40987
44143
39620
36009
44249
42333
35507
43006
40622
2220
45037
41471
40129
39570
2351
44225
36993
43894
44587
42374
42596
43091
35205
43782
41118
3024
44742
42821
2281
2346
36350
3244
35816
41878
3350
35581
36042
42974
36231
38216
3378
40836
42257
2374
41061
3367
41811
44463
44180
750
43507
44639
3384
43027
40474
41666
2483
41014
1316
40581
37859
41527
37400
752
40244
36943
40260
41910
38382
38120
40823
38096
35765
36476
2330
37797
40541
41804
41052
3013
39425
43361
35682
37570
44712
40963
44097
41111
41071
36712
43471
37582
3026
40700
2585
44541
2900
36937
2737
40999
2904
40473
44721
43916
42407
37592
36633
2665
44941
43747
36914
2470
39212
42658
42313
37988
574
41164
37408
38658
1382
40713
44869
42130
2522
41237
38836
38487
37236
36117
36987
48432
40293
42181
43345
36113
40367
41758
36006
48522
36499
44071
43599
37202
2779
39009
41141
44164
38898
42163
36689
43629
40188
2236
39829
36620
776
37326
686
35671
44461
37989
42285
37288
3328
39781
42233
43824
38777
2319
43105
41220
38118
37667
40000
39707
40284
44058
2392
43008
39135
38571
35672
37254
41983
41491
41752
2439
35916
42061
37916
3006
37100
37333
38351
45013
38958
36145
40321
2906
36665
40302
40952
35531
42060
35902
44944
36201
35549
42261
1403
41168
36621
44481
44272
39921
768
3174
2995
36604
35849
40718
35391
2630
39310
41102
37577
43249
3074
39034
44345
35881
41266
43596
38090
41777
2345
2759
40592
38879
36772
35813
43164
39709
37182
39005
43885
2136
40352
38472
40818
39607
41042
43136
36771
37793
2975
2323
40193
37527
37248
40245
35637
41126
44533
36315
172
37909
2386
42245
41580
40755
42969
36641
43000
40610
36672
38185
37171
43926
36516
44267
38957
42144
42490
41377
43635
41928
37466
2882
36249
43650
40468
39367
36971
1463
39924
38024
35153
39628
39066
40505
2694
42737
38827
43739
40519
42173
41897
39733
37163
40323
42823
682
3154
3142
40672
44622
40944
37243
37494
39658
42770
2379
36955
37055
38103
40045
36331
36927
2262
42850
38273
42064
40913
2711
36188
36248
38592
41203
42470
2472
38337
36179
41761
35455
42491
42497
43680
39610
42575
39254
3281
47922
3269
37375
42784
41094
2830
39975
37753
37574
36729
40897
40837
44847
39723
36777
35772
40573
42242
43706
42090
36687
36685
43786
41449
39483
39480
2383
41518
40899
41868
42416
42507
42993
44720
39656
37663
36455
39799
40883
44717
37298
42059
38218
2448
40178
38719
2494
37435
40477
2542
38782
37413
36245
48192
42926
42987
35608
44452
38826
3029
38377
36649
44292
44449
38996
43113
44506
39396
2993
40730
43084
43770
38282
41421
42825
37832
40602
39356
3097
3212
39976
42040
43948
40208
38188
43646
42390
43374
36637
35586
38568
44273
42344
3009
39616
35731
35101
2645
40026
37610
44535
43641
41046
39008
40859
43780
2789
2769
42098
35788
38930
526
42880
38852
41436
3196
37325
43060
3298
35131
43613
36587
38203
38034
37702
40889
39558
43400
42331
41330
42727
2871
35491
37827
38611
43332
36032
40614
35868
41844
37106
39876
42862
35185
44816
45076
39226
42455
36560
42187
41876
44538
3105
37634
44090
36116
42320
2764
42754
44716
1425
41872
36676
42312
37669
280
36364
35783
2309
41334
38272
2476
37021
2405
3379
40410
39285
40576
2464
37445
36210
40724
35735
2416
44042
36110
518
40817
3348
39153
38038
43449
44750
42199
37170
37093
42983
173
36889
37369
42894
42092
43849
2493
39963
39362
36726
2533
37596
2817
2382
43409
36525
37109
44593
37362
39543
36606
40140
43839
36313
41880
37642
37986
36694
36595
44091
36978
43306
40500
42338
3253
2334
2466
37906
42101
35996
37048
36230
42731
37346
38825
39525
36776
42999
37419
3003
39618
38029
41832
36965
39276
2616
39461
40044
40809
35119
36731
40393
38676
41919
36704
40802
39237
42216
38401
36171
42959
36680
2752
42030
41360
38301
36877
44032
41100
35146
35233
42525
39985
2955
40059
35858
39206
42336
48451
35121
44427
43023
36526
37741
37285
40396
38916
41753
43632
43171
37240
44567
41207
2586
37153
36034
2631
42863
40630
3146
37603
44950
36200
37058
43980
37358
42508
40619
39215
42540
42789
3007
39087
42536
36416
39754
40800
36996
39495
43642
37280
49368
3225
37917
38313
38552
40871
40976
3321
40280
43233
36078
40470
38198
41157
41477
43485
1295
37749
44843
42222
45111
35079
2534
42563
42756
2316
39684
1297
3268
44064
42745
36664
44233
44465
42753
3254
43152
3106
2647
2446
2673
40777
36213
38926
42703
35766
42897
40195
37836
38364
40309
37148
42147
35809
38842
40446
42685
40389
43205
2277
37329
37987
37591
41818
41709
2437
39928
37289
36551
39342
38915
40134
37807
41016
42109
40240
44059
37660
42848
41884
43506
44098
40530
44203
39234
36301
2245
43997
41311
43853
44936
41759
36768
3079
36070
39726
42335
48829
40609
38102
49328
37775
38058
41064
41411
2508
41562
36561
2588
37195
38176
35665
44467
38964
44313
2248
39514
37819
38593
38350
43781
42709
37656
43039
43609
43626
39400
36136
37714
36175
40526
35217
38897
43789
36218
37501
2723
39680
1299
41861
37065
43132
2962
36989
44476
43754
39646
35950
1762
36517
40027
39336
39991
44918
43902
39340
43037
2815
36407
35811
2972
35624
36564
37462
2203
2359
38356
36734
40535
41681
35236
43419
43679
3035
42761
38193
43831
36612
41769
37696
2546
39500
47914
40226
41053
35537
43967
37664
36849
38582
37315
37313
40555
43068
43153
37710
47915
40722
41006
40864
40185
40491
39247
42807
36814
37452
3283
42019
38213
40404
40750
37256
35627
2399
42112
47917
43828
42829
40490
2957
41133
42174
36613
37450
38208
42843
39875
41278
35876
35617
39395
37578
41948
3094
38199
36291
40110
40639
37756
43549
41664
44935
40421
43220
39145
2713
2666
35919
37548
40210
3293
41268
40465
38895
38601
36569
41218
36142
44960
38948
39983
43424
39351
3296
35316
2770
44365
43072
1400
43472
40638
2796
36723
39886
42793
37682
43946
42422
35103
36316
41914
43672
40415
37814
178
44490
49519
42769
35761
44165
43009
38923
35911
42387
41812
43537
36186
43662
37937
36530
39121
36114
42589
43848
2950
36608
47916
37889
35621
36809
42073
41213
38262
36008
41461
42881
3358
38654
37370
37926
42620
40994
42750
43271
42800
42195
2266
38122
41161
42200
40680
39529
42666
38645
2676
42465
701
40093
38667
42039
39085
48321
35532
37292
36779
2948
42028
37000
38292
44239
41211
38374
38809
2328
35519
45033
37275
37626
2701
42804
41707
2834
34924
41201
43767
39577
37770
42732
41788
40778
36495
42870
37619
37599
40163
43061
41903
2598
41661
40058
35650
2587
37241
3236
40173
43598
41217
40637
41097
36565
42461
36381
36523
35200
43900
40336
38303
37883
37418
35273
2286
42809
44957
2885
39416
37785
42467
37225
40286
40287
39458
37564
41669
43895
40364
35889
37594
2457
36841
42204
38052
2422
37468
44588
41917
38418
43725
3100
2373
39958
36435
39926
39117
36312
2358
39136
43801
43033
35878
37421
44028
38471
40157
41870
42329
43647
48480
39264
41143
3206
38833
2812
42005
35814
2252
40542
38406
42190
43790
37833
44975
38535
3344
36939
38449
42217
42547
37066
44242
38634
35067
35201
41023
40747
37586
44731
39902
36191
41854
45046
40571
42564
35511
36437
38823
2447
37686
38283
36951
43001
42460
44314
44617
43522
45019
38240
42749
41105
40388
38509
37796
38046
35670
42026
36961
40537
38314
37237
42637
37849
42225
43041
41644
41674
40580
35486
37004
38473
42660
36385
39653
42958
38387
44054
38181
43304
41921
40476
43803
42678
554
38269
37672
44982
36414
35439
36243
35606
38795
37844
38622
698
39387
39123
36824
35091
45095
42177
39813
37220
42106
42605
3362
43463
41365
40678
36751
37887
38541
42035
43129
42330
39631
38264
42423
3242
35270
35515
41703
35738
40264
2946
41988
2295
36470
42401
37817
37602
3043
37082
36332
41114
42733
36520
37877
39115
2603
35970
37698
2497
35794
44571
40561
42892
39061
2571
39579
37547
35989
257
42341
37608
41355
38866
3111
36739
40741
2121
37911
43231
40911
36787
42459
2855
3045
2350
3222
44166
41294
42884
40122
1373
43145
42389
1331
36138
44005
44021
40832
35099
38031
1319
42357
49533
38907
39931
38101
37920
35392
42043
35498
36043
2648
42616
42311
37774
36292
38186
42971
35553
2458
43883
39562
38315
41280
44186
37646
40303
45057
42097
3309
41299
37711
42746
39162
2593
35064
48657
36039
37540
43017
43667
42099
44025
39241
42646
40456
2959
43135
37311
42648
37081
35395
36750
42122
43393
45025
36904
41470
39404
37493
35909
40739
2712
39967
40408
36146
38319
41911
41657
38508
2261
2513
44336
35822
43829
45051
36257
40462
40035
3217
43684
35235
41104
40511
40731
35759
37031
38063
44024
36130
37222
37644
37189
41448
39496
39979
40056
40670
38306
349
37978
44144
41658
37763
36656
2592
43277
41607
739
40605
36048
40253
39345
37651
2370
37757
2584
40874
3316
2503
41899
40884
36557
40333
41035
36229
39741
42021
44248
44451
2545
43323
36101
2341
36466
38289
36632
41877
36458
44065
2461
40099
38931
42757
41748
37980
37511
1469
38557
2524
44114
35222
40234
40220
36714
1293
3288
38170
42815
38339
36317
40596
39478
42704
40851
41399
38091
35990
36813
36804
39074
41170
44227
42724
2269
40394
2391
38043
48521
3032
48402
38682
36092
40941
35525
44722
44217
2420
35178
35441
41695
39375
2406
37377
42276
43380
1277
42493
44933
37363
39665
41293
39670
43398
38299
42873
41130
36336
36576
44152
2287
44483
40365
2371
35997
43316
42168
2377
3194
44903
41862
35445
43221
38540
40295
515
38961
38748
43204
42366
35527
37078
35854
38154
43394
41440
39095
43546
38175
42076
36534
37428
36992
39694
45012
48436
35447
37934
44558
1314
272
2969
35556
38361
42844
39862
40801
40655
3109
39337
40254
2865
3227
36504
539
557
35401
42007
38635
41530
44307
41000
42033
38589
2249
35776
39111
44922
2641
328
41382
2810
39519
35820
40230
36782
40012
39917
44096
3272
38808
37481
2434
2690
37552
40051
43381
36540
42475
38853
35923
2615
40101
35331
42595
35780
47887
38912
40380
43542
40209
36934
40108
39042
37960
42712
44659
36405
44238
42818
44814
35777
35960
41716
40237
38547
44460
35795
35481
40547
2198
43783
35518
2599
2307
44726
44037
35524
3163
2342
37042
39566
42889
40820
39735
44522
35966
35097
2707
38729
3123
35894
3181
3258
40737
40085
42669
43761
44355
38409
43123
44921
37129
42287
40916
40867
38969
543
40671
38099
2903
40022
42124
39474
41117
38286
42928
37177
42478
41929
42561
44986
35832
36343
38859
36792
44503
42762
39253
44148
2947
39556
41077
44015
39078
38793
44363
45039
39116
39539
39319
35499
37303
2700
39281
37105
2558
36212
44343
40316
36217
43453
35635
38128
44510
2872
39696
44455
42895
3190
3059
35186
2569
2940
40030
2784
3162
44352
42481
41542
36830
37025
39766
2444
1378
39394
45022
2535
35642
36440
39468
42294
36255
43673
43552
41834
3015
35661
37818
38070
460
37560
44995
41402
1355
42011
37497
38468
37575
40850
43407
42167
41098
38018
45026
2312
40757
716
41465
40390
2741
43607
38094
42559
43675
43995
38770
40543
35633
37200
40646
42343
42898
40419
36550
43179
42086
35793
36325
38259
37301
42485
41276
37423
39114
35806
41177
38536
43686
44492
48688
36851
