24526
29515
24261
24060
27405
34667
21893
22149
22586
29082
21131
21700
21427
29891
20271
21432
20141
26878
18788
29995
26395
34074
24650
24284
24452
24351
25390
27381
28136
28279
23922
23397
23366
25319
23610
33221
23131
24537
27121
25781
24556
29214
19433
33687
23845
27652
33068
27662
22110
19993
22261
24448
27842
23266
24355
29663
22963
32872
26461
29964
20283
25893
26881
19117
30406
19079
19946
31168
19209
27038
27431
28979
26567
19681
27555
28832
19628
19521
18491
18778
19830
20512
29981
18924
25985
21608
27610
21198
24108
18708
18642
19063
20826
25238
27393
19808
18426
29617
29091
20375
31300
19022
19144
24895
25755
31133
33152
28423
33950
34713
24098
32207
33905
27582
22984
29434
30996
33810
21682
31321
25595
22378
21339
19448
29702
30553
19722
18822
27322
21179
26301
19861
26630
22497
21168
23526
31548
25004
30301
23992
24824
30253
19908
23187
33636
20854
29985
19479
29199
28777
22686
18224
28686
18443
18731
29023
33411
18852
20880
34855
22727
33667
25312
27158
27764
23846
31301
25383
28763
29000
28049
19305
19058
18726
34687
29081
24996
21784
18208
22301
22295
23980
33532
21139
28437
28991
21907
27981
27905
34712
31229
29094
19758
25817
29921
28901
20208
22037
19266
27834
19655
34001
23993
19989
27312
23622
19175
21012
21571
23466
21525
26063
19692
19428
21587
22186
30763
21837
31680
21951
31068
23713
25305
19178
24887
19296
27991
29318
34263
19820
21287
27184
29045
24380
33030
29970
21014
20108
22611
28582
18343
22868
24600
19443
22281
21166
29873
23449
30877
18935
18878
18322
28615
18933
25605
24748
32963
32971
22104
24280
27661
29083
32937
33157
21932
20299
22935
29686
25360
18288
21143
28267
24166
22463
22842
29343
31624
32966
31095
22155
19522
22467
20905
30322
25903
34152
29161
20303
24653
18931
28813
18401
21173
22962
23040
23196
30739
30939
33222
28383
26357
25206
23186
20766
19281
29222
30481
20384
21869
21257
19169
19108
18618
22352
27204
27788
18247
24449
28119
23723
19201
21199
27056
20119
18196
32257
27220
23249
26865
24686
18393
19894
34772
19042
28997
30781
27007
18169
18444
22432
21936
28957
30699
18697
28630
20886
24534
23481
27956
22415
23143
29557
29246
24789
18513
24711
22741
27163
27776
29594
29095
27456
31410
28651
21080
18780
29206
24496
33026
25492
29431
26852
29520
25791
27281
30732
33525
21594
21884
23088
19717
22950
20710
25299
20406
27267
29239
28594
31848
18978
25947
26543
23019
33322
29331
20858
23319
29021
24120
24063
18617
20875
34679
34483
29475
29146
23959
28242
24339
33555
33992
25317
20089
29644
29406
21724
20804
21878
28014
20527
31025
33298
32801
18242
30905
32899
20747
25387
26451
22417
24085
32678
31332
19605
18649
22535
28618
24236
27990
34052
19882
20997
20236
20937
22136
19247
22805
23179
28301
27839
18276
21883
32755
26954
21169
22011
20222
29026
18557
20719
34858
21871
26341
18378
23619
25586
25992
23666
25234
23475
33584
30217
24371
23695
30401
23070
20432
29593
24982
27937
27511
24951
25202
19023
20727
27320
28289
28522
20052
31159
20452
21008
27006
18203
34434
18719
22651
30306
25987
28002
26127
23235
21523
21441
19138
19154
20129
19229
24185
25579
25287
21927
31359
33014
32143
18252
19084
19916
24747
33968
29654
20666
24801
25102
27276
28426
19900
25668
28006
20378
24259
18889
22494
29118
19091
20901
23677
28181
19382
25547
27113
25510
18670
27524
30341
33188
33193
21425
22451
18956
28765
19836
21364
23856
19034
18241
20012
22942
23437
29019
18692
20353
28523
32631
27490
24317
25183
29485
19137
19671
31458
18754
21752
20825
22254
23058
25494
19020
23678
22464
22525
21580
27553
20674
21149
20450
25345
24033
18944
21980
25858
28245
27874
22089
31682
19038
22313
21557
30801
27841
20697
23670
20242
20364
20713
24577
25837
19211
27800
20362
22058
21836
30078
22723
27672
19000
25756
19253
18178
22958
21865
25709
25832
21985
22764
23161
26084
32802
30011
26035
19610
33378
19712
19066
19107
22456
20431
27497
27544
25834
30052
30834
24349
25962
28128
29311
26561
25487
26405
23674
20083
33306
20214
29051
32095
34809
27467
28479
25797
21451
21230
28061
34596
20774
30060
28343
19159
32950
21048
18333
34813
31297
18671
21815
21821
22202
24191
19693
24796
18976
24920
25820
19049
30264
22406
28940
25241
20007
24132
22088
19998
31178
18980
28408
28512
18934
31317
19140
27255
26166
20308
27596
25601
33573
28743
18831
33164
32394
30459
23958
33841
30747
24712
28302
29728
19970
25708
33976
31496
22430
30385
26136
22262
20503
28515
22881
25040
31029
24115
28825
29825
33011
21475
19007
19322
19005
25434
20688
18578
19499
22097
27313
21623
18507
32046
18939
21188
25583
18238
30270
25212
25176
24304
23761
21984
21898
20321
20219
19053
33049
19702
27463
20170
28483
26318
33072
21781
22193
18579
21023
21982
28326
21481
25325
29655
25301
28322
33613
31830
21088
25564
24668
18317
25257
23096
21102
24609
25293
24794
20754
27316
29315
20475
31056
26493
25690
22072
25976
19478
18862
24046
24505
20311
19509
27876
26541
21184
19494
30113
22273
29341
20998
33130
33112
23378
24830
22337
18473
21930
34200
29932
29347
28544
23934
19559
27103
19136
21367
27912
19698
18962
19851
20812
32849
24472
28667
34093
30092
27071
22086
20319
21882
26207
26225
19571
22052
18275
30045
27863
20836
23012
28670
23308
29835
24638
25919
18477
30887
21362
27499
25273
29135
32103
18665
21013
22874
20718
25231
25457
25795
18588
28482
24624
30959
27996
19902
19060
25716
21923
27705
26304
28729
26271
25643
22734
31495
25609
29714
27911
19072
28254
28451
19711
28179
29017
34660
31070
26129
27094
19081
22790
24819
30868
28173
23625
27016
25675
28390
22343
22085
25913
25809
27620
18728
26214
32558
24546
23859
21429
23100
25877
28785
20996
22515
18752
27214
33488
30284
25014
19906
24507
24139
22526
26050
19237
23236
29297
30693
25389
28621
32821
28872
18834
18314
22372
28055
28371
32831
23636
23465
33025
33315
21872
30949
26316
24906
26000
28078
21799
28076
18735
31483
25842
18273
22172
21829
26087
21394
19067
24190
26938
22703
22409
30304
28489
18586
19086
21015
28619
21477
28488
19149
31525
27000
19217
29324
18644
25003
23781
30722
30018
26367
18497
23967
22093
22171
25996
21550
18503
20314
18303
22309
28836
21656
24721
19748
19220
25013
28954
20806
31780
20821
22310
20820
20018
29440
19334
24910
18414
34736
31106
29147
24430
22986
22783
33654
24281
23985
31141
25545
19070
23652
22574
25294
24574
18950
26535
19615
26412
23127
19133
24697
18711
20360
26882
25647
28450
23078
33040
23583
32791
32987
34113
27983
22878
19116
23269
33028
18945
33094
22550
20938
19251
21178
23200
20164
31082
27051
22364
23116
30409
23036
32433
18761
28946
25490
23643
34619
26097
22010
25757
19105
23174
24559
22290
29251
26283
20288
21216
33453
21306
20935
24222
28600
27633
32975
21567
22342
21524
31687
25033
27334
25145
26524
19199
34217
32696
22114
24708
24591
23849
30219
28844
23998
18680
28517
20616
31370
18650
24527
19312
29376
26659
21527
22194
18812
27228
22271
21026
20975
34612
25719
26503
28422
21430
22042
18885
23770
25984
25760
27030
33022
18573
28518
20423
28478
25911
33486
32867
23672
24957
25435
29154
24270
21632
30977
20118
21964
22418
24718
19132
19544
21654
25808
23292
25058
21870
22371
19746
23720
31047
27227
32790
28149
19557
29583
23087
28438
22125
28496
27092
20312
33065
30913
19360
24399
29992
18336
24032
32222
25930
18884
21542
31412
34211
21642
30439
22477
22278
33609
24052
30943
32319
30910
28490
18280
22296
28320
31674
18543
31927
22501
22059
20021
23462
27921
24192
26772
22225
23881
26714
21531
27231
24975
18261
22045
28803
25214
28172
24855
22919
28480
27683
20243
33106
18509
34348
31036
21866
21085
26898
23650
26992
18781
21197
30911
23477
31377
21208
26984
19248
23303
18227
24870
22970
23511
22150
19431
26807
22634
25840
21356
18198
27193
27883
25351
26888
24844
18431
21057
21136
32311
22836
21760
27667
27475
31076
28316
30283
24208
31050
18600
23758
29072
24152
29461
22857
22020
33493
20307
18549
31502
29463
21469
20106
21326
23829
24692
19103
24501
22141
18159
33658
19041
23839
18592
31405
20347
20427
19445
18532
18860
27101
21679
18887
30069
22401
25219
32506
29332
29003
27479
21108
21634
19847
27446
30478
29073
20076
29359
33053
25522
22593
25512
21032
28816
21229
23782
19629
25497
18320
26154
22954
33073
18806
22219
30057
21513
21804
30165
24305
24391
18877
29753
26020
28598
25787
21297
18798
25478
25566
18746
25862
18463
23599
29097
29378
21363
25233
22639
18733
27097
20707
26317
23130
32667
29203
19176
32686
31840
33326
21665
19436
19076
31910
18563
22082
19796
32333
19886
21034
34822
32817
24696
20715
25154
23571
29129
27065
19407
19306
23676
20984
19802
20037
22895
21832
18255
23865
23055
31915
23774
23853
25746
19979
21619
33093
28575
23487
27515
23933
28571
27500
20956
20466
22169
18580
32905
21397
32285
30040
18686
22695
30440
25557
25437
26638
30856
27376
18243
24134
27032
25537
18182
31500
20900
21690
20929
28885
27702
31603
24930
24464
24582
18993
21224
27203
29329
18753
34706
23153
22601
21483
22941
21605
32171
23848
23120
28858
32945
20379
28421
22674
26108
20617
29231
24029
26806
24500
33156
28287
22608
33857
22386
32526
29895
23031
19027
29393
25706
22167
18634
18804
20350
19427
25979
18921
33160
18192
20757
27170
32961
27795
19783
18813
20361
18397
30790
21894
19870
20447
30630
19285
18359
34685
24833
29328
25882
25263
24542
22380
27243
24163
19271
27659
24178
26396
31142
21395
22838
18795
27699
28753
29996
27639
26679
26864
30770
24962
26839
21383
33686
31706
26141
28665
18676
20341
24117
22893
26510
18713
31140
29028
20128
20473
28766
18265
29883
21786
23832
22669
19583
19804
25819
18826
18357
22502
22245
20805
30061
20845
34090
25881
33856
22615
32838
22684
27517
26296
23745
32832
30122
29276
19131
24402
21411
27947
23124
19592
24118
25975
28610
22457
26680
18515
29211
28143
24868
24984
19691
18406
25094
29295
24184
23074
18206
24493
24051
25184
23198
18251
18585
19696
33275
27838
19380
25606
20456
23500
29013
33922
19262
19232
31559
27343
19051
25744
33722
31955
21745
28112
22798
32906
28455
24362
19645
25584
29259
27571
23374
31046
22308
33202
21402
28717
20579
33972
21569
32857
21176
26117
22057
26088
18264
32298
24286
34004
22654
23285
27527
24992
28493
34019
30313
24898
18768
20833
25474
25350
19094
18577
20120
19269
20316
20192
20356
25970
23847
28574
20846
20955
26103
21130
34049
22047
27244
27070
20429
20794
19778
22362
32842
19823
29302
28306
29149
24687
19106
27932
27400
24390
25020
23955
22450
19264
20687
32834
28508
23779
29197
18237
29494
32825
29277
18434
20914
24345
25460
33140
22552
19862
22111
29248
27734
20923
18690
33323
29112
29056
27557
20112
27725
25247
25694
27682
34859
28932
19127
28690
32716
20250
23858
19945
26307
20472
19255
28945
27797
28251
32541
21584
28485
34002
33564
20148
24570
25841
31922
30215
25847
19225
27603
20618
30271
22752
24212
24025
27043
32819
24598
26350
34820
20310
26237
26442
24729
22375
22347
30240
23079
29699
26110
21309
27516
27215
23964
28792
28853
21262
28788
20939
28628
21520
24322
25442
18932
22918
27439
33553
21251
20741
20678
30930
26454
30667
28938
32086
26051
29354
29006
33372
19341
23649
24677
22827
28847
29122
24004
20891
34715
24983
19505
21545
26491
27014
20633
19564
19641
22377
21322
24129
28960
25641
21904
31526
28995
22213
29107
22152
29364
21038
23972
28910
26343
27192
22591
28696
25088
33649
28698
26956
24198
27318
19046
21563
25158
29500
27040
18734
34053
24252
19277
20648
21368
22738
20281
26345
18832
28377
21279
18562
19087
21333
33864
32799
21939
21126
18982
27457
31443
25372
29878
23754
19128
31615
28715
27241
33980
33988
21354
27879
19649
26206
26335
31115
21484
23498
18707
33252
30456
21163
22428
25590
30213
29237
34161
26556
23906
22585
19837
31092
33948
28824
18331
28567
30135
33995
20885
29997
22565
29226
26870
27292
20631
25364
21843
22644
25804
22819
26022
20284
30046
27008
19077
20735
19039
33962
24084
29202
30039
19288
24216
19151
20032
25737
25722
28861
27377
28229
19313
19799
26102
29012
24209
19566
24821
32152
28959
24929
26128
30120
23287
34139
31442
32072
29411
21834
24087
28893
20067
21155
24054
26463
28264
22844
19520
33965
19193
31472
28975
27172
23988
27173
27599
20878
23751
23631
27605
26435
18846
19282
24369
18540
27640
23413
27277
26576
20919
25323
33013
19674
31817
21532
28269
33473
18997
30267
21020
20101
31369
24203
24205
19368
19450
32840
21033
28550
24899
31100
24897
22667
19055
28953
28519
18201
22265
29809
20480
18260
24751
28622
20217
25365
24255
30263
29980
20662
21626
28921
22328
31614
18861
22655
32098
31185
19135
23940
22928
22606
25952
28613
29681
26999
21798
32147
20247
25304
27039
19402
19795
18616
24781
22873
23288
21547
26042
26555
25251
26873
29525
21983
22115
29857
18302
23307
24907
26489
25560
23830
28820
29698
24013
26496
19423
22188
28080
19028
27976
24373
21072
23013
34676
20963
26497
32606
19353
25000
22291
18743
25886
25038
20279
27510
26448
29585
21067
21906
18391
28671
27904
18371
21463
25997
26121
19818
25923
18979
19186
34112
26371
21890
26983
18620
18955
18210
30761
26161
26062
26125
22335
21247
28886
21489
26010
25114
19573
18334
32334
22736
27793
22405
22322
27980
32600
28937
24608
18262
29168
31466
24837
25652
26173
32645
34802
28170
20261
18675
33622
24909
24541
23286
21144
20709
19901
25160
30141
23189
32881
22043
31079
21660
26148
30975
18908
25554
28949
18893
24486
31553
28236
18641
23037
29042
22422
27019
20659
25203
21780
33477
19069
19374
18999
28275
28393
29137
20207
28062
29185
18249
18571
20675
25401
20329
26484
33978
24562
29380
28233
21630
30778
27540
21213
28427
19043
18438
32848
19737
23309
33046
30862
26498
24978
18411
28084
23280
27742
20542
18759
19903
26217
23763
34278
28533
28573
28255
34549
24405
25210
23755
20779
25863
28720
27942
32957
33458
19656
19472
28592
27280
24407
22061
24981
29555
27549
29165
32048
34528
31006
26092
24694
30749
19883
25328
23925
22268
18456
23387
24459
25588
33321
21796
22453
22570
24237
22054
23866
32885
19532
22041
18782
29261
26221
27233
31098
24217
23276
26366
28409
34097
28108
20954
29750
26872
20209
34030
18340
30342
27970
25541
31235
19187
22038
25358
32408
24045
19666
22164
27650
18840
29447
24024
29115
29069
21486
24381
18883
19654
20646
24670
21586
32029
18874
28220
28887
30938
23971
24346
24959
27906
29159
28425
26224
28745
28827
20210
25205
20931
33451
32734
28192
25857
29182
18231
32523
23225
33937
22383
26238
33817
18195
26089
24923
28752
21844
20694
28100
23883
26572
28461
29155
18635
28312
25811
24194
28977
25445
19370
20093
18335
18353
21324
34082
29556
25392
19040
27493
28681
28555
20291
18855
25410
24269
30711
18988
24578
29361
32194
21858
26017
23008
20267
18494
19200
26169
29383
23188
33434
26645
22359
28989
25374
22345
28553
18701
27169
27989
24296
25027
21928
34824
22763
24607
22384
33220
27857
28235
24699
27044
30986
24991
19287
18857
20702
24917
21138
22758
33215
32295
24412
20970
19534
18622
20762
31097
29062
24760
22801
25489
22161
29998
21028
26076
21875
28794
33354
19008
21748
31138
25994
32610
19400
18602
18217
18833
21640
25798
21019
30926
20876
19470
28727
23190
18721
27164
24727
20091
21723
18825
34051
24047
26842
20487
18683
28218
34649
20857
21585
25053
21663
23256
18668
23069
30994
27665
29666
33180
18611
18474
27258
30199
24034
28666
27005
27647
31753
22768
30772
28787
30915
20186
20843
20941
26044
18837
28703
30906
28214
32261
30003
21873
21929
20337
26223
34835
23669
33530
23628
19457
22927
28153
31066
32943
27415
28352
33137
27251
20838
24599
19826
31425
18258
24010
28273
34083
30030
23424
20266
31110
23952
25993
20258
19487
23011
26145
25011
21648
29124
21107
29430
21911
18544
20682
22146
25867
26964
26885
22408
27714
29707
25472
34162
28668
25527
27455
30830
26915
27398
26209
28557
21767
20737
18207
21075
19736
27138
33979
34629
27761
31291
18663
21005
33192
26475
19265
33181
27155
18799
34201
25948
21944
28097
28925
26905
21206
27825
30978
25191
28152
28784
26677
26962
21210
20673
25561
25815
18844
21963
19562
27648
33216
29473
20730
30766
28131
33985
26297
25733
23125
27783
28927
33296
18212
29479
33777
24006
20229
21809
20218
23645
24325
28039
29623
26431
33904
19155
29948
22903
27972
25778
31440
24540
30708
24904
27801
33997
24253
22440
23938
34638
18906
22998
18685
22223
34765
32847
31422
33699
22825
32889
22318
22945
22808
29701
22793
18958
25500
32846
22549
33504
27248
24678
26901
30817
18209
19191
21979
21437
23705
28552
25320
26908
23445
24927
24862
19561
31620
18157
24864
26532
21830
30225
29151
24001
25724
27159
27489
23546
29377
20042
24612
18385
19864
27146
24142
21763
24529
19825
18171
27975
20699
23894
18775
23647
31823
18468
27105
19739
25720
27183
19880
23110
20262
27565
25368
23960
18321
20471
26946
18216
32928
19363
18332
22553
30022
25520
30212
21311
24231
25859
21696
22425
29416
31072
20619
20011
20549
22129
21888
28439
23927
27396
27653
24780
33086
28213
21447
25571
19838
32933
29755
21321
19759
29704
27219
27013
25449
25341
26210
33719
27869
20002
21782
22632
28704
21370
25213
28900
18266
22522
20660
26441
21997
30633
18845
31090
22356
21512
28424
19726
28147
25704
25700
29661
21122
27143
27909
20003
30728
18214
30475
33559
31932
30164
22728
21378
19458
22489
20322
33167
21943
30062
20706
25103
24388
20864
27049
26011
20949
18960
25844
29658
26530
21272
21993
29798
21148
23917
19435
27944
21037
33994
34849
20156
27196
27625
26671
33172
24604
18570
22158
23638
25766
28570
18967
19751
27229
28332
18677
24475
29476
27015
31724
23473
26083
31689
20365
18603
21835
22716
18450
33467
25884
18667
27027
18233
19283
21699
32745
25064
21341
18918
18785
20014
23691
22785
33078
19316
27148
21304
24931
30824
24637
29032
22583
19625
24106
28873
34020
22178
30343
21668
28793
27907
22883
20070
29172
25776
21478
29216
18779
20187
28941
19770
22872
29688
24321
25748
32390
19964
22351
27132
24902
32892
24308
19919
18741
18425
34281
27758
30797
23113
20603
28578
33804
20126
27278
28850
23202
25448
27624
23719
25207
26027
26495
18590
24481
24771
25880
21840
25217
21789
21371
27031
23756
28894
18614
18346
19624
25729
23910
20866
33814
24210
21761
18949
28972
19831
31008
25475
28826
21618
23119
25805
25467
23646
18291
18946
32824
20159
19716
22841
28834
22691
21924
23861
20149
22961
18250
27302
19486
31738
31727
29283
24319
20055
26628
32416
23509
24335
24884
26523
21921
24603
25925
29815
33178
23359
25330
19047
34091
18245
21756
20081
32785
31619
22012
18927
33176
19411
21746
20661
26936
22192
22774
19286
29489
30480
30993
29936
28257
20689
25315
34155
31647
28581
32874
29053
19553
30095
19463
20703
25107
21103
22910
22181
27066
18472
18727
19853
25738
33034
20811
21353
21713
18318
22929
24456
20734
31931
27847
28431
22580
27357
21737
22348
28198
25622
27504
19233
24460
24743
25335
28691
28148
21389
24050
34784
20328
33052
21577
24802
18608
24272
23476
28225
30869
19032
22832
26446
23655
18373
28115
31002
24299
31512
18565
20746
21650
28540
18548
25091
21769
27657
21152
31424
22636
20152
28917
24894
18787
21137
24415
23305
32518
18575
22277
19092
28879
30865
24363
25604
19786
32320
18809
18774
23690
23071
26149
23246
27345
32920
21422
21211
22705
18836
22969
22818
18656
22640
26290
30867
24702
32878
26455
21543
33816
24421
21831
28436
27118
18626
18199
24213
22566
28274
33455
18484
25175
22822
27452
21705
33169
25222
29030
28545
24756
20897
27941
29253
19324
23155
18801
31089
18816
31734
28093
20882
28024
18175
28150
28140
20459
19017
20920
29711
26833
23766
25342
20455
24669
28634
22811
27213
25892
21379
21202
22965
30803
32815
27462
21380
18875
25928
24922
23700
22948
21468
25196
25432
32843
22771
21657
29166
21063
20969
19399
24977
22937
26792
23936
29336
23948
22748
23680
29977
29450
22991
19858
27340
28559
18899
28069
26437
27453
25426
28174
25453
24392
27692
32051
22592
22168
27274
20759
18706
22280
26101
18900
30125
34856
18344
31642
23077
18422
31509
22246
20154
21285
18457
25483
25971
31063
25618
25578
23001
26447
23663
34561
26100
19310
24306
24057
22876
31746
19747
27748
29207
18694
24838
27763
32973
18783
18715
21268
24767
21743
25966
22920
21759
26233
32855
18180
28033
33098
20264
34121
25548
23658
21541
18863
23941
25416
18926
19723
22062
20902
24795
23806
33196
29227
26689
20280
21270
19184
25256
18633
21895
31420
24164
24950
18959
24037
22996
26542
20987
22237
21029
28167
19462
33114
26945
27382
24400
29603
27374
27110
24954
28895
22203
28912
29963
18173
27344
22046
33881
28045
19593
20346
33218
25982
23194
21570
18756
26138
25552
24563
19687
21659
19814
29558
21697
24581
30048
28776
19787
24709
18244
18698
25726
28709
21731
23406
23689
33085
21060
18710
20411
27519
28211
21381
28965
31093
33320
19019
25629
26822
24664
34817
19932
19026
24980
24159
32804
20114
21449
25511
33897
28713
26861
22733
22008
22653
30826
33184
31864
23989
25822
19293
25549
28111
20220
28430
26212
25264
19276
28838
20877
34714
18696
18495
22496
22766
24622
23903
29404
24246
18405
28459
27075
23577
18869
21504
29236
22395
33932
20814
20657
33375
20313
30335
23213
24488
18550
30866
28378
22755
19033
24090
26213
28830
18766
25785
33999
18864
26387
23805
25262
18911
24256
24312
27774
26554
26098
18290
27125
30471
33103
28500
18234
22775
25431
33150
25479
28106
18440
32352
19721
19743
27572
26783
23725
27310
21332
18189
23206
24028
22228
21954
27208
19599
23234
20494
26018
27913
30298
24705
24873
24779
24690
22305
27836
19548
24798
19503
21186
25291
33415
28906
20683
21405
32200
20301
20090
19483
22725
18471
21146
33652
27176
33851
29071
29650
22721
18282
27379
29005
24249
19315
24797
29775
18160
29680
20015
22282
29407
22339
27293
27688
20716
20237
34027
25032
21604
24113
31438
22627
21466
25894
34627
34190
24569
24514
30155
19776
25281
25517
25223
19476
33158
21560
22821
30266
23664
28433
28484
28420
23603
32608
33969
22001
20665
18566
34067
28068
28293
25710
24703
26955
18851
26002
28546
28491
19003
22784
25266
22365
27364
23520
21572
23273
33987
25295
20424
23184
24340
25204
18316
21119
31782
30741
25037
21132
26033
27201
33424
30946
20992
25252
27710
22542
21847
20385
24058
32984
24477
25988
20944
22251
18645
30029
30461
22233
21750
24156
29015
30139
28950
23204
23931
24420
23760
33895
26547
33207
30404
19750
19569
21165
25136
26284
27718
18568
32062
25753
28680
29173
27412
23671
21816
20485
30873
18197
18897
28448
22128
30626
25558
22357
21140
24267
23731
19839
30009
21967
19088
27419
32851
22521
22397
27239
24409
18673
22165
21808
20029
34068
19701
27399
29180
33006
29993
28620
21675
23027
18748
24089
19279
33096
22675
31304
24717
21382
18184
33017
27520
33159
21348
25465
19854
28874
24610
21559
19850
22702
25741
23844
21344
20775
23544
30879
26081
20058
24396
18583
28472
20733
29092
22390
27732
28295
25959
28526
22621
20206
19109
28154
24337
24447
28098
29102
27144
27178
18257
32566
26319
21039
28509
28121
31314
25856
32633
21546
18923
19298
25265
26889
25039
26834
27584
23172
24104
22006
25346
20057
19256
21833
22029
28089
26122
27413
25807
19025
20832
29769
21960
25848
24243
18966
26539
25989
30698
30663
33135
29807
25411
20098
31203
24828
29478
20772
25248
19192
28145
28786
20383
24147
25780
20173
20739
24181
18628
18525
29210
18720
25246
18901
29127
22692
28473
27137
33975
22776
34016
26974
21715
30948
27329
18810
27487
29911
18631
18534
29956
19417
20124
25830
28099
18382
18493
34349
19504
22787
30034
32841
28716
20104
26509
27478
24432
20470
29349
30411
24691
23986
28719
21462
24566
32172
27034
27554
18742
31007
19129
23263
25873
24586
27265
27920
31679
26069
32266
18399
20342
22145
29743
27330
18452
28071
25189
23957
34726
26112
20354
29089
20122
21961
19611
31188
28197
24470
20829
21712
25707
20092
27551
25283
19918
33653
25529
31519
24745
21392
25565
23133
28366
20552
19429
23009
28333
18666
21647
33973
32241
24974
24791
31160
32116
31311
20813
28799
20100
23060
19841
26205
19166
33189
28157
19630
19744
33334
32058
27501
27432
26534
25960
23818
21915
26481
25676
28331
25441
21736
27268
34080
18510
28807
23207
34025
26486
20377
25338
29491
27746
27644
25070
24225
29260
21644
24082
23046
34032
32949
31485
26770
34661
22299
24890
19331
24140
23629
33725
26208
32776
20685
18755
26394
24383
31518
29449
26678
22402
25907
24114
27719
25872
32288
26626
30960
22118
21838
30323
20184
32427
25110
27626
25673
32418
21031
27859
30043
24100
32786
22602
20025
21561
26789
20439
28327
19734
19675
33733
24438
21233
27532
18771
26452
25010
19439
18517
20469
28216
22851
27323
24813
31522
21892
30302
29345
24947
28281
33430
28075
25681
24239
22767
32296
33043
29909
28802
20063
33958
20121
25140
25637
28556
21791
22796
20172
21868
21522
31165
20925
23736
18716
24320
21500
19914
28572
25228
26425
18898
22017
24167
23869
22446
28207
29296
27674
22504
19319
32174
22699
21667
21787
34009
24485
21070
22714
22160
19971
19113
26004
26785
18758
34066
21161
30001
31111
31451
19344
25654
19432
23759
31386
21919
18623
22578
28392
21343
31665
22267
22757
23812
20254
18442
22134
24133
23659
19685
22664
28199
28660
20604
22554
30210
23976
22215
28340
21055
24518
30998
21934
28057
25163
28428
25008
22749
22389
24160
19292
29170
28452
22509
25141
24913
18725
20457
21529
31114
23123
25640
26390
19658
29884
32739
32829
29223
21548
30969
18989
22854
28589
18750
22815
27003
18408
21438
21841
34047
27986
23997
30615
23996
19230
29848
22616
19183
19777
22613
29464
19668
24061
19707
21826
18739
24640
27806
27131
23630
29553
25068
32989
24632
18259
20295
29448
29305
30964
23141
23065
24903
23939
24130
22009
18508
28748
27789
25413
25066
26091
18572
24336
19389
31282
27429
27916
33463
30889
23082
32632
25355
33888
19514
20714
31295
21566
21996
21010
33123
29403
24615
24145
26007
34825
20315
24182
20784
25646
34747
25303
29208
25508
18501
25061
26540
18311
28394
19268
30115
34147
22016
28487
27485
19102
31023
23484
21597
23744
23006
31767
20985
22070
28599
27713
28088
24070
23835
27225
29140
33520
31739
20216
30765
27350
31716
32981
19752
21036
28017
26204
20982
22631
32888
20040
24262
27791
22007
32348
22772
20115
27614
20244
23025
32944
26244
25634
28129
27915
20394
27326
18248
28130
29066
21916
28144
30695
22376
23854
18657
24787
28054
27778
26978
20816
18470
33506
34324
21278
21218
27436
26353
31163
24602
28059
22735
20306
20046
21226
25412
25736
27284
31096
20027
23681
24706
27914
18953
32931
21222
33311
25464
25802
20036
19887
27392
29697
27437
25481
22263
19325
32163
24404
21167
26399
19502
20451
28790
24411
26843
18637
33476
22304
22407
28004
21646
25310
27612
21886
30933
22957
30425
18518
32105
20672
20026
21452
21568
23800
29293
26275
32142
24777
19775
28942
34186
19728
18229
31071
24617
22207
29204
29144
31473
28770
21444
21802
23086
21598
27693
21472
26500
23551
23895
23101
21903
20073
21421
20788
29382
25655
23552
33205
22617
25922
22990
18943
32936
27458
26976
20417
20056
29319
24065
20330
24067
23016
22985
20723
23043
19732
31048
21282
30985
25607
28359
25022
20060
21276
27630
22923
25582
26432
27887
23238
25528
28963
21121
30026
32251
24634
25703
34036
29665
22211
24555
27459
18660
27185
21792
33845
28204
28202
19899
28535
27813
29007
30068
33182
28605
18803
24434
18770
22360
18538
18765
25192
18436
18957
29163
31333
24644
21313
23712
18975
22476
18380
22478
24155
20664
30916
27314
21256
22183
18418
33903
28548
24948
20979
25513
21677
25768
20822
33743
27423
22139
20064
22319
24450
22112
21190
33674
18341
22392
23136
22204
28001
24356
20001
27835
31017
18388
23769
24124
19731
29121
31751
21812
18560
34847
20239
19475
27063
34675
29219
19724
20010
20828
26932
24049
24454
21649
22127
31467
20318
26960
20227
32439
31247
22414
27888
27250
19714
21506
29291
32354
19275
31747
18213
28117
19196
22946
28053
26849
22534
21299
23149
25230
31748
20238
19718
25130
28454
28018
23868
26470
30646
27882
25951
27025
26384
28256
21162
25950
27706
26428
28601
21053
25861
21219
25388
25514
21849
22747
32313
27864
29716
29249
19351
18722
25542
34008
27509
19391
26126
19926
22468
34654
22595
20180
19806
24026
23746
28338
31130
18919
32792
23121
28405
29446
27232
23882
18161
22882
24667
26250
24072
19037
18896
18820
25771
19782
29436
34860
30945
19881
29766
19496
18219
25174
21237
28358
18589
25855
22197
33224
25095
34389
27272
27936
20425
25986
27589
20536
21730
28313
28222
22317
29009
20803
25849
21401
30485
24176
26609
34689
27010
25734
22724
31594
28642
29381
26880
20670
32828
28513
26285
24823
22051
19415
28636
21742
19531
24785
21207
23365
22537
20396
29999
21058
30806
28749
32942
29288
27573
21507
30222
25055
25889
29298
21971
29983
22200
24976
25249
19168
18679
33519
19833
18263
27403
29811
34022
18647
18323
18254
23486
23809
32753
30687
25644
20174
21965
20890
20872
22917
32440
25211
30173
19689
25567
25463
18223
21820
33560
22438
20366
23879
29879
31353
22972
33035
23242
19648
22939
26093
18849
21290
21316
23322
28397
20033
21877
34854
24893
26931
18904
27810
31334
29725
29664
26302
24154
18404
18794
19556
23873
27708
25147
29355
21772
28736
32974
28135
26200
23316
32826
20066
29770
18417
23888
33951
33952
24973
32787
18796
25106
19302
21325
22930
19195
19466
28123
33715
26832
29677
21265
24283
25540
32774
31521
29749
22404
22889
26460
24596
34509
29110
18593
32860
29350
26080
24254
22067
30690
18555
22663
33317
27341
22382
23490
23191
20045
22901
19085
20486
24716
24508
20881
25065
27270
20808
25164
32498
19664
26759
20181
19991
18903
18651
34219
20030
23049
23765
26267
30925
34340
23811
19442
31123
20107
34085
22976
19308
33550
18329
21100
23850
27053
31331
22966
32639
33571
24766
30246
18605
26180
18912
22630
25799
32967
31083
29232
21424
18886
30059
27765
29312
26086
27283
18672
21373
22890
21661
22157
23073
27111
24219
25730
27395
26904
29325
34590
26134
22708
22053
20895
21641
22661
22411
23841
22649
28445
19677
26528
22511
23301
23777
23032
22545
18684
26360
18839
28417
22677
20352
26521
25813
31042
21966
18797
21030
28640
26064
19012
27579
22840
20305
26332
25180
23201
18648
28730
22678
25349
33527
26692
20274
24911
19054
30390
28655
18929
21889
29104
26438
28261
19147
34393
31575
25926
18661
24123
19549
18269
28073
28870
34159
18599
24647
18325
25109
18800
18925
26774
18268
22222
19125
18376
18552
28718
21097
24733
23129
24585
25777
24732
19112
33027
23274
20560
27407
19895
32823
19052
23150
31064
32811
21491
27450
18895
21603
24188
29955
26099
28224
22629
32050
20224
28194
31725
23554
30884
20150
24908
26347
18530
18938
18413
24342
20484
20286
30714
19921
20961
24533
28042
31315
27816
23542
18427
24958
20817
20751
34000
21514
23284
24220
32081
28120
18786
26512
24393
30857
19367
21142
24735
19280
27507
20324
21744
32694
33303
18736
20185
18499
24961
23904
31129
22092
18865
19805
27262
33577
27850
19807
30231
21805
28503
19252
20892
26234
28260
19516
25208
21926
30955
18558
28976
23824
19342
18881
23951
22685
19585
24330
26211
26397
27543
30908
32264
24150
24943
31120
19840
23059
19174
19170
24079
19215
21776
23791
30180
29719
25019
18619
20903
23702
19670
23156
27953
26967
22333
18968
27100
18682
31271
22590
33435
23311
23147
27711
23132
19297
20248
25728
22321
31774
33139
28064
33494
22208
21177
21509
18545
27576
26380
28814
30829
24861
29717
19114
28800
30702
19278
21785
29575
22573
31270
28077
25267
28361
26912
23085
18547
19110
33084
23752
19889
24790
26613
19056
19307
26333
18467
25170
30811
34271
21701
24287
32858
30920
28205
24568
21686
33382
22398
26198
27157
27126
26147
22490
20338
20028
19014
28511
30837
19303
25981
31969
25896
25167
20223
18327
26519
22048
20802
18740
21575
25503
19845
21931
23229
26327
27617
28262
23180
31456
25373
30032
22959
27198
24942
30951
18504
34812
20671
25128
27264
20257
33500
25322
20349
24914
27442
31013
24741
25495
26266
29397
29730
22786
18974
34644
20054
18664
27084
21617
28851
27211
20888
20351
20035
24463
19680
29687
20667
19965
28091
26222
27360
24122
21476
18615
26430
24076
24476
24840
26658
19551
21271
21043
22500
19295
23916
25747
31389
19045
19235
20215
20123
18319
18292
29229
28114
31187
25701
19401
23699
30472
25326
24993
19336
21922
29408
22934
21691
24101
24510
31498
21007
24195
28801
27222
32476
22843
27556
19348
18828
18164
27615
23216
27086
27668
22240
22743
33729
24528
20474
25409
20345
28591
28177
28044
30971
28270
21666
34094
25240
27695
26805
24011
33116
23203
24666
28758
21914
26981
22138
31075
26228
24274
26218
23279
21717
32769
30880
29806
33395
21071
29989
26038
25034
25942
21156
21913
25153
22465
28706
23541
27886
30883
29228
23072
27727
25253
27666
27080
18632
27577
23876
28501
27831
29467
22806
33960
24173
25569
18654
29333
21852
21066
30876
29060
25221
22394
26480
22177
23460
28537
24497
27669
26262
23233
23860
28542
22433
24874
25555
20016
19855
29930
31094
24753
27004
22652
31376
24276
23730
18669
24859
30779
27133
23687
31015
28742
19328
22198
22297
27484
33716
22413
34851
32262
28373
21337
22594
25201
24097
21420
28339
26021
24564
24211
19446
19408
20390
28741
25245
24722
31462
33381
26202
30244
29978
19540
22579
33583
18981
28679
20309
30410
25072
30734
32866
27654
22044
30730
32052
21399
21239
20712
33024
18678
21839
29649
24161
20418
22773
27971
34253
27161
29457
18866
23665
18295
27440
27186
33986
27503
30382
25422
20558
19078
24879
33529
27189
28734
22180
25282
26652
21250
28641
21044
24461
19745
18870
19418
26705
22932
32681
26242
22434
20252
27275
19373
33955
25313
19173
19421
27023
30973
22320
27890
20374
32209
28810
29386
19735
22835
24478
21365
33889
27369
33939
24151
22681
19011
24387
27441
22643
21803
26985
28693
27033
33051
25493
30317
21622
30275
26144
22797
28226
20663
22829
30881
22781
21720
29317
22143
26920
25621
18714
24416
19050
29157
23479
18930
32557
31283
24759
21418
27285
33971
18815
19542
33853
20729
23715
23293
20086
18872
25300
32977
19484
18961
19719
18190
21314
28341
24273
19709
30843
18636
20087
23708
24822
33669
25678
22400
20898
23275
33075
26575
18772
22826
24662
28534
24730
23863
27022
29683
24714
19570
33038
31760
21255
25012
20110
28525
22021
23257
24593
29971
21695
26456
18843
20807
22544
34103
26310
25638
20977
30008
32542
23098
32100
29882
25101
30957
18423
30299
23472
31929
19375
25897
21615
26411
25602
19637
24784
31715
24044
19134
19396
34672
19379
31492
27808
27964
25978
18162
29693
20270
19474
21590
18389
28514
23300
27608
24360
27502
28166
26406
26467
30455
22943
19501
25870
18941
18535
18596
29627
23271
25438
29602
28510
22816
23911
18256
27106
26281
27681
24915
23075
23912
18689
24468
30479
28543
31305
27319
21414
28265
30729
26421
26287
23722
20896
23488
31136
19792
22680
29238
18607
22303
34576
26846
30183
23385
20024
34853
27252
18374
33255
27521
30895
22940
28580
29059
32917
18914
21243
23068
20453
24707
25371
22599
22495
23953
18475
28536
19323
25078
21315
18240
28639
22765
18215
24654
28764
19122
26508
23701
23974
25718
26408
28840
32978
34163
18643
27156
20458
25964
21403
28913
23137
23710
26773
28385
23218
22788
24201
30279
28738
18433
23991
21956
31632
22722
18662
33061
25715
29158
18581
28547
32760
22603
22994
29263
25007
29270
22823
23545
24774
23898
25767
33878
22571
28768
27127
23929
29673
18464
33656
27609
18537
20302
18712
19985
28386
28876
25143
18894
22293
24606
30909
24353
34650
27435
25910
21388
29047
19481
22871
19142
19772
32752
23489
28700
26619
25789
27286
