688
689
691
751
752
756
759
760
763
764
768
770
785
1095
1277
1295
1297
1299
1301
1305
1309
1314
1315
1316
1321
1331
1333
1339
1345
1352
1355
1362
1364
1368
1371
1377
1378
1382
1397
1400
1403
1405
1408
1409
1410
1421
1425
1438
1441
1454
1456
1457
1463
1469
1472
1762
2191
2193
2204
2208
2210
2217
2219
2221
2222
2223
2228
2232
2233
2234
2236
2238
2239
2241
2242
2243
2244
2252
2257
2259
2261
2263
2269
2271
2275
2277
2278
2280
2281
2282
2286
2288
2291
2292
2293
2294
2295
2296
2302
2303
2304
2306
2308
2309
2310
2312
2313
2317
2318
2319
2323
2327
2328
2329
2330
2332
2334
2335
2338
2340
2341
2342
2344
2346
2347
2349
2350
2351
2352
2354
2355
2357
2358
2359
2362
2363
2365
2366
2367
2370
2372
2373
2374
2375
2379
2382
2383
2384
2388
2396
2397
2399
2404
2406
2408
2416
2417
2419
2420
2421
2422
2428
2429
2430
2431
2432
2434
2435
2437
2438
2439
2442
2444
2445
2447
2448
2450
2451
2452
2461
2464
2466
2472
2475
2476
2477
2478
2479
2485
2489
2494
2495
2496
2497
2500
2501
2502
2505
2508
2509
2510
2511
2512
2516
2517
2522
2526
2530
2531
2532
2535
2536
2537
2538
2539
2541
2542
2543
2545
2546
2549
2555
2556
2557
2558
2560
2562
2563
2568
2569
2570
2571
2572
2574
2577
2580
2581
2582
2583
2584
2586
2587
2589
2590
2593
2594
2595
2598
2599
2601
2603
2604
2605
2607
2611
2614
2616
2618
2619
2620
2621
2625
2629
2631
2632
2640
2641
2643
2644
2645
2646
2647
2649
2650
2653
2656
2657
2659
2663
2665
2666
2667
2670
2672
2673
2674
2676
2678
2680
2683
2689
2691
2693
2694
2696
2699
2700
2701
2702
2703
2704
2707
2708
2710
2711
2713
2723
2731
2732
2741
2742
2747
2748
2750
2752
2758
2760
2764
2765
2766
2767
2769
2770
2774
2775
2776
2777
2781
2782
2784
2787
2788
2789
2790
2796
2797
2799
2800
2803
2804
2807
2815
2820
2822
2823
2828
2830
2836
2842
2845
2847
2850
2854
2855
2859
2862
2863
2865
2868
2872
2878
2881
2882
2883
2885
2888
2889
2893
2898
2899
2900
2903
2904
2906
2908
2909
2913
2916
2924
2925
2930
2933
2935
2938
2946
2947
2948
2949
2950
2951
2952
2953
2955
2957
2959
2960
2962
2964
2968
2970
2972
2975
2978
2981
2984
2989
2993
2995
2998
3002
3003
3006
3009
3010
3012
3015
3018
3020
3022
3024
3026
3030
3032
3033
3035
3036
3040
3043
3045
3047
3048
3050
3051
3053
3054
3056
3060
3064
3066
3068
3069
3070
3074
3079
3080
3083
3084
3087
3092
3094
3100
3102
3103
3104
3105
3106
3107
3109
3111
3113
3114
3117
3121
3124
3125
3128
3131
3139
3144
3145
3146
3148
3154
3160
3162
3172
3173
3174
3177
3178
3179
3180
3181
3187
3188
3194
3196
3198
3207
3211
3212
3213
3215
3216
3217
3218
3219
3221
3222
3224
3226
3228
3235
3236
3237
3238
3240
3244
3249
3251
3253
3255
3257
3258
3259
3264
3266
3268
3269
3273
3280
3281
3285
3287
3290
3293
3297
3298
3301
3302
3305
3309
3312
3314
3316
3318
3321
3323
3327
3328
3330
3331
3333
3336
3344
3349
3356
3358
3360
3362
3364
3366
3367
3368
3371
3372
3374
3376
3378
3379
3382
3402
3406
3407
35861
35878
35907
35990
36008
36011
36015
36061
36103
36159
36175
36180
36200
36225
36228
36230
36231
36235
36238
36246
36258
36265
36278
36283
36290
36292
36293
36335
36343
36350
36398
36420
36426
36434
36440
36448
36452
36460
36473
36474
36482
36493
36496
36499
36504
36515
36520
36525
36529
36536
36539
36540
36545
36546
36550
36555
36556
36563
36565
36571
36584
36587
36591
36604
36612
36613
36615
36616
36617
36620
36621
36622
36631
36638
36641
36642
36646
36651
36654
36655
36656
36664
36668
36676
36679
36684
36686
36688
36690
36697
36707
36712
36721
36723
36725
36726
36731
36738
36749
36750
36751
36772
36773
36777
36778
36779
36781
36782
36784
36794
36800
36806
36807
36809
36813
36814
36818
36824
36830
36834
36837
36838
36844
36849
36850
36852
36853
36854
36855
36857
36858
36864
36876
36877
36881
36883
36890
36896
36913
36914
36915
36917
36919
36920
36921
36933
36936
36939
36944
36945
36946
36952
36955
36956
36960
36965
36966
36972
36975
36976
36981
36982
36984
36986
36987
36988
36989
36993
37002
37003
37004
37009
37010
37011
37016
37018
37022
37023
37024
37028
37030
37031
37032
37034
37038
37041
37049
37055
37063
37064
37066
37072
37073
37074
37081
37097
37098
37100
37101
37105
37106
37109
37110
37111
37121
37127
37129
37131
37138
37141
37142
37153
37162
37164
37171
37174
37175
37178
37179
37180
37182
37186
37187
37188
37192
37193
37195
37200
37209
37220
37225
37229
37231
37237
37239
37241
37243
37244
37245
37248
37251
37254
37255
37256
37261
37269
37272
37273
37275
37278
37285
37288
37289
37301
37302
37309
37312
37313
37314
37316
37323
37325
37326
37328
37331
37333
37337
37345
37346
37353
37356
37364
37365
37366
37369
37370
37371
37372
37373
37375
37377
37394
37395
37401
37403
37405
37406
37407
37410
37411
37412
37413
37418
37428
37430
37434
37435
37440
37445
37449
37450
37452
37454
37461
37463
37465
37467
37468
37469
37471
37478
37481
37486
37490
37491
37493
37495
37498
37503
37505
37506
37511
37514
37515
37517
37523
37526
37529
37531
37533
37545
37546
37550
37551
37559
37560
37565
37566
37567
37568
37569
37570
37574
37577
37578
37579
37580
37582
37586
37587
37589
37590
37591
37594
37595
37597
37599
37600
37604
37605
37608
37609
37610
37611
37612
37613
37614
37615
37619
37621
37626
37628
37629
37630
37641
37642
37645
37649
37660
37662
37664
37667
37670
37672
37676
37677
37680
37686
37689
37692
37696
37697
37698
37702
37705
37711
37712
37715
37720
37722
37729
37730
37735
37736
37737
37738
37740
37741
37743
37744
37747
37750
37753
37756
37761
37762
37763
37764
37771
37772
37773
37774
37776
37777
37778
37779
37781
37782
37783
37784
37785
37791
37807
37808
37809
37812
37814
37815
37818
37820
37823
37824
37827
37830
37832
37833
37835
37837
37840
37844
37846
37849
37850
37853
37856
37857
37858
37859
37860
37865
37868
37869
37870
37872
37875
37876
37880
37882
37883
37885
37887
37888
37900
37904
37906
37907
37908
37911
37912
37914
37917
37918
37919
37921
37923
37924
37926
37930
37933
37934
37937
37945
37947
37948
37957
37959
37960
37961
37979
37980
37985
37986
37988
37990
37992
37999
38010
38011
38012
38014
38018
38020
38024
38029
38032
38034
38038
38039
38043
38046
38048
38051
38052
38056
38057
38059
38061
38070
38073
38076
38079
38082
38085
38087
38090
38091
38092
38099
38100
38107
38111
38112
38116
38118
38122
38130
38132
38133
38135
38137
38138
38139
38140
38152
38153
38154
38177
38180
38184
38185
38186
38188
38191
38192
38193
38194
38196
38198
38199
38200
38204
38206
38208
38212
38213
38216
38217
38220
38228
38232
38234
38238
38244
38260
38261
38262
38263
38264
38265
38266
38267
38269
38270
38271
38275
38282
38283
38288
38290
38291
38292
38299
38301
38302
38305
38307
38313
38314
38315
38318
38324
38326
38330
38332
38333
38335
38341
38342
38347
38348
38349
38350
38351
38355
38356
38359
38360
38361
38363
38365
38366
38369
38371
38377
38381
38383
38385
38387
38388
38389
38390
38392
38394
38395
38397
38398
38400
38401
38402
38403
38407
38409
38410
38411
38413
38415
38416
38419
38420
38422
38428
38429
38432
38433
38434
38445
38448
38449
38462
38464
38466
38467
38469
38472
38473
38474
38477
38482
38483
38484
38489
38491
38494
38496
38504
38507
38515
38522
38528
38529
38530
38531
38534
38535
38536
38540
38541
38542
38543
38547
38549
38551
38557
38559
38560
38563
38564
38565
38567
38571
38582
38589
38590
38592
38594
38595
38601
38604
38607
38609
38611
38614
38621
38622
38623
38628
38629
38632
38633
38634
38635
38654
38658
38659
38661
38669
38675
38676
38678
38679
38680
38682
38683
38688
38690
38696
38703
38710
38712
38714
38721
38722
38729
38733
38734
38737
38741
38743
38748
38750
38751
38754
38758
38770
38775
38776
38777
38778
38782
38785
38788
38789
38790
38791
38792
38795
38796
38798
38799
38807
38808
38809
38812
38815
38816
38818
38825
38829
38832
38833
38838
38846
38847
38851
38852
38853
38856
38859
38863
38866
38867
38872
38878
38881
38883
38889
38893
38895
38896
38897
38898
38899
38902
38904
38905
38912
38914
38916
38920
38925
38930
38931
38933
38934
38936
38940
38943
38958
38961
38964
38965
38969
38970
38974
38981
38985
38986
38988
38990
38995
38996
39003
39005
39015
39019
39020
39021
39029
39034
39036
39039
39041
39048
39052
39057
39067
39068
39073
39076
39081
39113
39114
39115
39116
39118
39122
39128
39129
39133
39135
39136
39138
39140
39141
39142
39143
39147
39149
39150
39156
39158
39159
39160
39161
39162
39163
39164
39165
39167
39171
39173
39177
39178
39181
39190
39198
39206
39208
39209
39210
39212
39213
39215
39217
39218
39220
39221
39222
39224
39226
39229
39230
39231
39233
39240
39245
39247
39253
39254
39259
39261
39266
39271
39275
39277
39278
39285
39287
39297
39299
39310
39319
39321
39322
39326
39331
39336
39340
39342
39344
39345
39347
39350
39351
39352
39353
39356
39365
39373
39375
39379
39381
39382
39387
39389
39394
39395
39396
39398
39399
39400
39402
39403
39411
39413
39416
39420
39422
39424
39429
39433
39435
39444
39452
39454
39455
39458
39464
39465
39466
39469
39470
39474
39477
39478
39483
39496
39501
39502
39503
39504
39506
39507
39509
39512
39514
39515
39517
39518
39520
39521
39522
39524
39528
39530
39536
39537
39540
39543
39544
39549
39553
39554
39556
39558
39561
39562
39564
39566
39568
39570
39571
39572
39576
39577
39578
39579
39580
39581
39582
39583
39584
39585
39587
39593
39594
39600
39601
39605
39606
39607
39610
39612
39616
39618
39620
39621
39625
39627
39631
39634
39635
39637
39640
39645
39653
39655
39656
39665
39666
39667
39670
39689
39693
39694
39696
39699
39700
39704
39707
39720
39721
39723
39725
39733
39735
39741
39754
39758
39761
39767
39779
39786
39791
39798
39799
39807
39812
39813
39814
39815
39816
39833
39851
39868
39881
39886
39897
39901
39902
39921
39923
39927
39931
39945
39950
39954
39963
39965
39966
39971
39975
39976
39977
39978
39983
39985
39987
39989
39990
39992
39994
39996
39999
40008
40011
40012
40013
40015
40016
40019
40022
40023
40024
40025
40026
40035
40051
40053
40054
40057
40058
40061
40065
40071
40078
40079
40085
40087
40089
40093
40095
40096
40097
40098
40099
40101
40102
40103
40105
40106
40107
40108
40110
40114
40118
40119
40125
40126
40129
40132
40134
40136
40140
40143
40145
40149
40152
40155
40157
40158
40162
40163
40164
40165
40166
40170
40172
40173
40177
40178
40180
40183
40185
40192
40195
40196
40206
40207
40208
40209
40211
40214
40220
40221
40229
40230
40234
40235
40237
40239
40242
40243
40244
40245
40249
40252
40253
40293
40299
40302
40303
40304
40305
40306
40307
40311
40312
40313
40319
40321
40323
40326
40327
40328
40331
40332
40333
40342
40343
40347
40353
40359
40360
40362
40363
40365
40367
40371
40374
40375
40376
40378
40380
40383
40384
40386
40388
40393
40396
40397
40403
40404
40406
40409
40410
40413
40415
40420
40422
40423
40425
40426
40427
40428
40434
40436
40437
40440
40446
40448
40449
40452
40456
40457
40458
40461
40462
40465
40472
40473
40474
40476
40477
40478
40485
40487
40489
40490
40491
40494
40498
40499
40500
40506
40507
40511
40512
40513
40514
40515
40518
40521
40524
40529
40530
40531
40537
40539
40541
40543
40547
40549
40551
40552
40555
40557
40558
40559
40560
40561
40565
40568
40570
40571
40572
40576
40580
40587
40588
40591
40592
40596
40599
40600
40601
40602
40604
40605
40608
40613
40614
40616
40617
40618
40619
40622
40629
40630
40638
40646
40647
40648
40649
40652
40655
40659
40661
40664
40665
40667
40670
40674
40675
40677
40678
40680
40681
40684
40713
40714
40719
40721
40724
40726
40728
40730
40731
40733
40734
40737
40738
40740
40743
40746
40747
40748
40753
40755
40756
40761
40763
40767
40768
40772
40777
40791
40793
40794
40795
40797
40800
40801
40802
40804
40805
40806
40808
40809
40810
40812
40814
40817
40818
40819
40820
40822
40823
40825
40829
40831
40836
40837
40839
40845
40851
40854
40859
40864
40869
40871
40872
40875
40876
40879
40881
40883
40884
40888
40889
40893
40898
40899
40901
40903
40905
40908
40911
40915
40916
40921
40926
40930
40942
40944
40947
40948
40953
40958
40961
40963
40964
40970
40973
40985
40987
40990
40993
40997
40998
40999
41000
41001
41010
41013
41016
41020
41023
41024
41035
41042
41046
41048
41049
41052
41054
41055
41059
41060
41061
41063
41064
41066
41071
41077
41088
41090
41094
41095
41097
41103
41104
41105
41106
41108
41111
41118
41123
41126
41128
41130
41132
41133
41137
41139
41141
41142
41143
41144
41151
41152
41154
41156
41157
41163
41164
41167
41169
41171
41177
41181
41193
41200
41201
41203
41204
41207
41208
41209
41211
41216
41218
41219
41220
41230
41231
41236
41237
41242
41246
41248
41250
41251
41254
41255
41257
41264
41266
41268
41270
41274
41275
41276
41278
41282
41286
41288
41289
41293
41294
41298
41299
41302
41303
41312
41315
41316
41317
41321
41322
41332
41334
41335
41348
41351
41357
41359
41360
41361
41364
41365
41375
41376
41377
41378
41380
41382
41384
41390
41391
41392
41395
41402
41407
41411
41413
41414
41418
41419
41432
41436
41439
41441
41442
41443
41446
41448
41449
41453
41457
41461
41466
41469
41470
41476
41477
41481
41488
41490
41492
41501
41507
41508
41509
41513
41515
41516
41530
41531
41532
41534
41537
41545
41547
41549
41552
41557
41558
41559
41562
41564
41565
41573
41577
41578
41580
41584
41603
41605
41606
41625
41628
41640
41644
41647
41652
41655
41656
41657
41658
41663
41664
41666
41671
41674
41678
41679
41682
41685
41686
41687
41689
41690
41693
41695
41697
41699
41702
41703
41706
41707
41709
41712
41716
41717
41721
41730
41731
41732
41734
41736
41737
41739
41740
41745
41746
41747
41748
41752
41755
41756
41757
41758
41759
41760
41761
41762
41769
41770
41771
41772
41773
41774
41776
41777
41783
41785
41798
41799
41801
41807
41811
41812
41815
41818
41828
41832
41833
41834
41840
41842
41844
41848
41850
41851
41852
41853
41854
41862
41865
41867
41870
41872
41876
41879
41880
41884
41888
41890
41892
41893
41894
41895
41897
41899
41900
41903
41908
41909
41910
41911
41919
41920
41921
41925
41929
41930
41931
41934
41936
41937
41942
41943
41944
41947
41949
41950
41953
41959
41960
41963
41965
41969
41976
41980
41982
41983
41990
41993
41995
41996
42002
42005
42007
42011
42012
42015
42016
42018
42019
42023
42025
42026
42028
42030
42033
42034
42035
42036
42037
42039
42042
42043
42044
42045
42046
42047
42048
42051
42054
42055
42056
42059
42060
42061
42063
42064
42071
42072
42073
42076
42077
42078
42079
42081
42086
42087
42090
42095
42096
42098
42099
42100
42102
42105
42109
42110
42111
42112
42114
42115
42120
42122
42125
42128
42131
42133
42135
42137
42140
42142
42144
42146
42149
42150
42152
42156
42158
42163
42164
42165
42167
42168
42169
42171
42172
42173
42174
42175
42176
42177
42179
42181
42186
42187
42190
42191
42193
42194
42197
42199
42201
42202
42203
42204
42206
42207
42211
42216
42218
42220
42222
42223
42224
42225
42226
42227
42230
42236
42241
42244
42250
42252
42254
42257
42261
42262
42263
42264
42266
42267
42268
42269
42270
42272
42276
42278
42282
42283
42290
42292
42293
42295
42297
42298
42299
42300
42308
42310
42311
42312
42313
42317
42320
42329
42338
42341
42342
42343
42344
42345
42346
42347
42348
42352
42355
42357
42363
42366
42368
42369
42374
42375
42376
42377
42380
42384
42385
42387
42389
42390
42397
42401
42404
42405
42407
42409
42413
42414
42416
42419
42424
42429
42430
42434
42436
42438
42445
42447
42449
42450
42452
42453
42454
42455
42458
42459
42460
42465
42466
42467
42468
42470
42471
42473
42475
42476
42478
42481
42490
42491
42493
42497
42501
42504
42505
42507
42508
42510
42511
42512
42513
42522
42524
42526
42528
42532
42533
42534
42535
42537
42540
42547
42550
42551
42552
42561
42562
42563
42564
42565
42566
42567
42573
42575
42578
42588
42589
42595
42596
42598
42602
42603
42605
42611
42613
42616
42617
42619
42620
42622
42624
42625
42626
42628
42630
42631
42637
42638
42639
42640
42641
42642
42643
42644
42646
42648
42649
42658
42663
42665
42666
42667
42668
42669
42670
42673
42681
42682
42685
42688
42692
42695
42704
42708
42709
42714
42716
42718
42722
42723
42724
42725
42727
42729
42731
42732
42733
42734
42735
42736
42737
42738
42740
42741
42742
42743
42745
42746
42747
42748
42749
42750
42751
42753
42754
42756
42757
42758
42759
42761
42762
42763
42765
42767
42769
42770
42771
42775
42781
42783
42784
42787
42789
42790
42791
42792
42793
42794
42795
42799
42800
42802
42804
42805
42807
42809
42813
42814
42815
42816
42818
42821
42823
42824
42825
42826
42837
42840
42842
42843
42847
42848
42849
42853
42854
42855
42856
42859
42860
42862
42868
42869
42871
42877
42880
42881
42882
42888
42889
42890
42892
42893
42894
42895
42896
42897
42899
42900
42909
42911
42912
42913
42914
42926
42928
42932
42934
42941
42945
42946
42947
42949
42952
42955
42958
42964
42966
42969
42971
42972
42973
42976
42978
42979
42983
42985
42986
42987
42989
42992
42995
42996
42999
43000
43001
43005
43008
43009
43010
43011
43012
43014
43017
43020
43021
43023
43025
43027
43030
43032
43034
43037
43039
43041
43051
43059
43060
43061
43063
43066
43067
43068
43072
43073
43075
43078
43084
43086
43089
43095
43103
43108
43112
43113
43119
43123
43129
43130
43131
43132
43135
43136
43140
43141
43145
43148
43151
43153
43158
43162
43163
43164
43166
43168
43171
43174
43177
43178
43179
43185
43187
43194
43198
43201
43202
43204
43208
43211
43217
43222
43223
43224
43225
43226
43227
43229
43231
43233
43239
43243
43244
43246
43247
43249
43252
43256
43263
43266
43267
43268
43269
43271
43272
43277
43293
43298
43300
43304
43306
43314
43316
43323
43325
43328
43329
43331
43334
43345
43346
43354
43357
43358
43360
43361
43366
43368
43370
43374
43375
43381
43382
43383
43388
43394
43398
43400
43407
43409
43417
43418
43419
43422
43449
43463
43471
43472
43484
43485
43488
43492
43500
43502
43506
43510
43512
43513
43514
43516
43518
43519
43521
43528
43529
43531
43533
43534
43540
43542
43543
43546
43549
43550
43551
43554
43559
43563
43576
43579
43582
43591
43592
43596
43597
43598
43599
43601
43604
43605
43611
43612
43613
43614
43617
43619
43621
43623
43626
43627
43628
43629
43630
43633
43634
43635
43636
43638
43639
43641
43645
43646
43647
43649
43652
43659
43662
43666
43669
43672
43673
43674
43675
43680
43681
43684
43688
43689
43692
43693
43698
43700
43702
43704
43705
43706
43710
43716
43720
43721
43725
43730
43733
43735
43741
43742
43744
43746
43747
43752
43760
43762
43764
43766
43772
43773
43777
43778
43779
43781
43782
43783
43785
43787
43789
43790
43791
43794
43801
43804
43808
43815
43816
43817
43818
43820
43822
43824
43826
43828
43829
43831
43841
43842
43848
43849
43850
43854
43861
43872
43877
43879
43885
43888
43895
43900
43902
43903
43911
43912
43917
43919
43920
43922
43923
43926
43930
43931
43932
43934
43939
43941
43944
43946
43948
43951
43952
43956
43959
43961
43964
43967
43980
43982
43983
43985
43986
43988
43991
43992
43995
43997
43998
44005
44013
44015
44021
44023
44024
44025
44026
44027
44032
44034
44035
44037
44039
44042
44044
44048
44049
44051
44052
44054
44057
44058
44061
44064
44065
44067
44071
44074
44081
44082
44089
44091
44093
44096
44097
44098
44106
44108
44111
44113
44114
44115
44121
44124
44127
44132
44142
44143
44144
44146
44148
44150
44152
44154
44155
44160
44161
44163
44164
44165
44169
44170
44180
44185
44186
44188
44192
44199
44203
44204
44209
44210
44212
44215
44217
44218
44222
44223
44225
44227
44228
44229
44230
44231
44234
44239
44241
44242
44244
44245
44246
44247
44248
44249
44251
44252
44253
44256
44260
44265
44267
44268
44269
44272
44273
44274
44281
44290
44291
44299
44300
44307
44314
44318
44336
44340
44341
44345
44347
44352
44355
44360
44364
44365
44366
44373
44384
44403
44414
44430
44432
44433
44435
44437
44443
44444
44449
44451
44455
44458
44460
44461
44464
44465
44466
44468
44476
44478
44481
44482
44485
44487
44490
44491
44492
44495
44497
44500
44503
44506
44510
44511
44513
44514
44516
44520
44524
44532
44533
44535
44536
44539
44540
44558
44567
44579
44582
44586
44587
44589
44591
44593
44616
44617
44618
44622
44651
44704
44705
44713
44716
44717
44719
44720
44721
44722
44727
44731
44742
44757
44769
44770
44775
44814
44815
44837
44843
44857
44866
44868
44870
44872
44873
44874
44875
44877
44880
44887
44889
44894
44896
44899
44903
44906
44908
44910
44920
44922
44926
44933
44934
44935
44936
44937
44942
44943
44944
44950
44952
44955
44956
44957
44960
44969
44972
44975
44979
44982
44985
44986
44995
44998
45004
45011
45012
45014
45016
45017
45019
45021
45022
45026
45031
45033
45035
45039
45040
45045
45046
45047
45050
45051
45052
45056
45066
45070
45071
45084
45095
45096
45103
45109
45111
45137
45149
45150
45151
47479
47887
47889
47914
47915
47918
47921
47922
48019
48480
48514
48658
48829
48874
48951
48983
48999
49325
49328
49521
49526
49530
748
1293
1302
1325
1366
1473
2200
2235
2240
2254
2255
2266
2267
2289
2307
2311
2326
2378
2386
2409
2415
2443
2446
2454
2457
2467
2468
2470
2498
2503
2513
2514
2515
2519
2533
2540
2544
2552
2585
2592
2597
2623
2626
2642
2662
2681
2686
2697
2712
2757
2759
2809
2826
2834
2857
2867
2871
2880
2890
2901
2902
2943
3001
3005
3007
3013
3041
3062
3081
3085
3097
3098
3108
3150
3153
3155
3214
3225
3227
3242
3256
3262
3272
3296
3299
3332
3345
3348
3384
36043
36059
36280
36287
36433
36435
36491
36503
36512
36517
36614
36630
36658
36667
36753
36780
36808
36875
36892
36958
37021
37050
37061
37077
37148
37223
37284
37298
37306
37332
37462
37466
37492
37507
37552
37571
37576
37583
37602
37639
37648
37651
37663
37699
37701
37746
37755
37757
37775
37796
37800
37889
37897
37920
37925
37936
37978
38040
38058
38068
38159
38181
38211
38215
38242
38249
38272
38338
38339
38343
38374
38378
38399
38406
38439
38453
38463
38475
38493
38501
38502
38526
38556
38568
38585
38597
38631
38694
38730
38746
38757
38759
38787
38844
38858
38901
38910
38939
38942
38946
38948
38962
39024
39055
39066
39117
39144
39146
39153
39155
39172
39186
39199
39201
39241
39249
39290
39323
39332
39349
39385
39390
39500
39529
39548
39608
39630
39684
39697
39715
39781
39898
39917
39974
40000
40059
40120
40122
40133
40139
40141
40184
40212
40246
40259
40295
40336
40345
40349
40351
40368
40401
40408
40421
40505
40516
40522
40525
40526
40533
40569
40612
40621
40632
40662
40671
40683
40699
40701
40712
40716
40717
40727
40735
40739
40750
40832
40842
40861
40877
40894
40913
40967
40976
40979
40986
40991
41091
41098
41102
41120
41161
41168
41174
41194
41202
41205
41206
41213
41215
41239
41259
41287
41325
41327
41330
41337
41341
41455
41456
41474
41533
41563
41622
41623
41642
41660
41714
41754
41763
41784
41802
41856
41869
41871
41878
41882
41904
41913
41914
41917
41928
41951
41956
41957
41973
41988
41989
42021
42038
42040
42049
42097
42118
42129
42130
42132
42134
42139
42145
42147
42160
42182
42195
42200
42237
42245
42325
42331
42333
42361
42411
42412
42422
42423
42485
42536
42541
42542
42543
42554
42597
42608
42684
42712
42721
42726
42739
42768
42777
42779
42797
42803
42831
42832
42845
42866
42870
42873
42944
42959
42968
42998
43004
43006
43018
43028
43033
43054
43076
43082
43092
43139
43152
43154
43169
43205
43221
43259
43262
43270
43291
43332
43344
43369
43372
43412
43424
43453
43468
43490
43508
43517
43522
43548
43587
43602
43607
43609
43642
43650
43667
43676
43682
43711
43718
43739
43740
43754
43776
43780
43786
43803
43832
43853
43896
43905
43907
43913
44069
44073
44167
44219
44224
44255
44262
44283
44311
44313
44359
44363
44410
44479
44483
44488
44501
44504
44522
44664
44750
44755
44798
44869
44893
44939
44967
45036
45037
45076
45078
45107
45152
47917
